  A  R  N  B  D  C  Q  Z  E  G  H  I  L  K  M  F  P  S  T  W  Y  V  X  *
A  1 -10000 -10000 -10000 -10000 -10000 -10000 -10000 -10000 -10000 -10000 -10000 -10000 -10000 -10000 -10000 -10000 -10000 -10000 -10000 -10000 -10000 -10000 -10000
R -10000  1 -10000 -10000 -10000 -10000 -10000 -10000 -10000 -10000 -10000 -10000 -10000 -10000 -10000 -10000 -10000 -10000 -10000 -10000 -10000 -10000 -10000 -10000
N -10000 -10000  1 -10000 -10000 -10000 -10000 -10000 -10000 -10000 -10000 -10000 -10000 -10000 -10000 -10000 -10000 -10000 -10000 -10000 -10000 -10000 -10000 -10000
B -10000 -10000 -10000  1 -10000 -10000 -10000 -10000 -10000 -10000 -10000 -10000 -10000 -10000 -10000 -10000 -10000 -10000 -10000 -10000 -10000 -10000 -10000 -10000
D -10000 -10000 -10000 -10000  1 -10000 -10000 -10000 -10000 -10000 -10000 -10000 -10000 -10000 -10000 -10000 -10000 -10000 -10000 -10000 -10000 -10000 -10000 -10000
C -10000 -10000 -10000 -10000 -10000  1 -10000 -10000 -10000 -10000 -10000 -10000 -10000 -10000 -10000 -10000 -10000 -10000 -10000 -10000 -10000 -10000 -10000 -10000
Q -10000 -10000 -10000 -10000 -10000 -10000  1 -10000 -10000 -10000 -10000 -10000 -10000 -10000 -10000 -10000 -10000 -10000 -10000 -10000 -10000 -10000 -10000 -10000
Z -10000 -10000 -10000 -10000 -10000 -10000 -10000  1 -10000 -10000 -10000 -10000 -10000 -10000 -10000 -10000 -10000 -10000 -10000 -10000 -10000 -10000 -10000 -10000
E -10000 -10000 -10000 -10000 -10000 -10000 -10000 -10000  1 -10000 -10000 -10000 -10000 -10000 -10000 -10000 -10000 -10000 -10000 -10000 -10000 -10000 -10000 -10000
G -10000 -10000 -10000 -10000 -10000 -10000 -10000 -10000 -10000  1 -10000 -10000 -10000 -10000 -10000 -10000 -10000 -10000 -10000 -10000 -10000 -10000 -10000 -10000
H -10000 -10000 -10000 -10000 -10000 -10000 -10000 -10000 -10000 -10000  1 -10000 -10000 -10000 -10000 -10000 -10000 -10000 -10000 -10000 -10000 -10000 -10000 -10000
I -10000 -10000 -10000 -10000 -10000 -10000 -10000 -10000 -10000 -10000 -10000  1 -10000 -10000 -10000 -10000 -10000 -10000 -10000 -10000 -10000 -10000 -10000 -10000
L -10000 -10000 -10000 -10000 -10000 -10000 -10000 -10000 -10000 -10000 -10000 -10000  1 -10000 -10000 -10000 -10000 -10000 -10000 -10000 -10000 -10000 -10000 -10000
K -10000 -10000 -10000 -10000 -10000 -10000 -10000 -10000 -10000 -10000 -10000 -10000 -10000  1 -10000 -10000 -10000 -10000 -10000 -10000 -10000 -10000 -10000 -10000
M -10000 -10000 -10000 -10000 -10000 -10000 -10000 -10000 -10000 -10000 -10000 -10000 -10000 -10000  1 -10000 -10000 -10000 -10000 -10000 -10000 -10000 -10000 -10000
F -10000 -10000 -10000 -10000 -10000 -10000 -10000 -10000 -10000 -10000 -10000 -10000 -10000 -10000 -10000  1 -10000 -10000 -10000 -10000 -10000 -10000 -10000 -10000
P -10000 -10000 -10000 -10000 -10000 -10000 -10000 -10000 -10000 -10000 -10000 -10000 -10000 -10000 -10000 -10000  1 -10000 -10000 -10000 -10000 -10000 -10000 -10000
S -10000 -10000 -10000 -10000 -10000 -10000 -10000 -10000 -10000 -10000 -10000 -10000 -10000 -10000 -10000 -10000 -10000  1 -10000 -10000 -10000 -10000 -10000 -10000
T -10000 -10000 -10000 -10000 -10000 -10000 -10000 -10000 -10000 -10000 -10000 -10000 -10000 -10000 -10000 -10000 -10000 -10000  1 -10000 -10000 -10000 -10000 -10000
W -10000 -10000 -10000 -10000 -10000 -10000 -10000 -10000 -10000 -10000 -10000 -10000 -10000 -10000 -10000 -10000 -10000 -10000 -10000  1 -10000 -10000 -10000 -10000
Y -10000 -10000 -10000 -10000 -10000 -10000 -10000 -10000 -10000 -10000 -10000 -10000 -10000 -10000 -10000 -10000 -10000 -10000 -10000 -10000  1 -10000 -10000 -10000
V -10000 -10000 -10000 -10000 -10000 -10000 -10000 -10000 -10000 -10000 -10000 -10000 -10000 -10000 -10000 -10000 -10000 -10000 -10000 -10000 -10000  1 -10000 -10000
X -10000 -10000 -10000 -10000 -10000 -10000 -10000 -10000 -10000 -10000 -10000 -10000 -10000 -10000 -10000 -10000 -10000 -10000 -10000 -10000 -10000 -10000  0 -10000
* -10000 -10000 -10000 -10000 -10000 -10000 -10000 -10000 -10000 -10000 -10000 -10000 -10000 -10000 -10000 -10000 -10000 -10000 -10000 -10000 -10000 -10000 -10000  0
