#
# This matrix was produced by "pam" Version 1.0.6 [28-Jul-93]
#
# PAM 490 substitution matrix, scale = ln(2)/7 = 0.0990210
#
# Expected score = -0.431, Entropy = 0.0847 bits
#
# Lowest score = -9, Highest score = 34
#
   A  R  N  D  C  Q  E  G  H  I  L  K  M  F  P  S  T  W  Y  V  B  Z  X  *
A  1 -1  0  1 -2  0  1  2  0  0 -1  0 -1 -3  1  1  1 -6 -4  0  1  0  0 -9
R -1  5  1  0 -4  2  0 -1  2 -2 -3  4  0 -5  0  0  0  4 -4 -2  0  1  0 -9
N  0  1  1  2 -4  1  2  1  1 -1 -2  1 -1 -4  0  1  0 -5 -3 -1  1  1  0 -9
D  1  0  2  3 -5  2  3  1  1 -2 -3  1 -2 -5  0  1  0 -7 -5 -1  2  2  0 -9
C -2 -4 -4 -5 22 -5 -5 -3 -4 -2 -6 -5 -5 -4 -3  0 -2 -9  2 -2 -4 -5 -2 -9
Q  0  2  1  2 -5  2  2  0  2 -1 -2  1 -1 -4  1  0  0 -5 -4 -1  2  2  0 -9
E  1  0  2  3 -5  2  3  1  1 -2 -3  1 -2 -5  0  1  0 -7 -5 -1  2  2  0 -9
G  2 -1  1  1 -3  0  1  4 -1 -2 -3 -1 -2 -5  1  1  1 -8 -5 -1  1  1  0 -9
H  0  2  1  1 -4  2  1 -1  5 -2 -2  1 -1 -2  0  0  0 -3  0 -2  1  2  0 -9
I  0 -2 -1 -2 -2 -1 -2 -2 -2  3  4 -2  3  2 -1 -1  0 -5  0  3 -2 -2  0 -9
L -1 -3 -2 -3 -6 -2 -3 -3 -2  4  7 -2  5  4 -2 -2 -1 -1  1  3 -3 -2 -1 -9
K  0  4  1  1 -5  1  1 -1  1 -2 -2  4  0 -5  0  0  0 -3 -5 -2  1  1  0 -9
M -1  0 -1 -2 -5 -1 -2 -2 -1  3  5  0  4  1 -1 -1  0 -4 -1  2 -2 -1  0 -9
F -3 -5 -4 -5 -4 -4 -5 -5 -2  2  4 -5  1 14 -5 -4 -3  3 13  0 -5 -5 -2 -9
P  1  0  0  0 -3  1  0  1  0 -1 -2  0 -1 -5  4  1  1 -6 -5 -1  0  1  0 -9
S  1  0  1  1  0  0  1  1  0 -1 -2  0 -1 -4  1  1  1 -3 -3 -1  1  0  0 -9
T  1  0  0  0 -2  0  0  1  0  0 -1  0  0 -3  1  1  1 -6 -3  0  0  0  0 -9
W -6  4 -5 -7 -9 -5 -7 -8 -3 -5 -1 -3 -4  3 -6 -3 -6 34  2 -6 -6 -6 -4 -9
Y -4 -4 -3 -5  2 -4 -5 -5  0  0  1 -5 -1 13 -5 -3 -3  2 15 -2 -4 -4 -2 -9
V  0 -2 -1 -1 -2 -1 -1 -1 -2  3  3 -2  2  0 -1 -1  0 -6 -2  3 -1 -1  0 -9
B  1  0  1  2 -4  2  2  1  1 -2 -3  1 -2 -5  0  1  0 -6 -4 -1  2  2  0 -9
Z  0  1  1  2 -5  2  2  1  2 -2 -2  1 -1 -5  1  0  0 -6 -4 -1  2  2  0 -9
X  0  0  0  0 -2  0  0  0  0  0 -1  0  0 -2  0  0  0 -4 -2  0  0  0  0 -9
* -9 -9 -9 -9 -9 -9 -9 -9 -9 -9 -9 -9 -9 -9 -9 -9 -9 -9 -9 -9 -9 -9 -9  1
