1 538705521
2 96187419
3 44839366
4 28063291
5 18509984
6 13682743
7 10038145
8 7950890
9 6206431
10 5153883
11 4195127
12 3596135
13 3034333
14 2668081
15 2307770
16 2064751
17 1826191
18 1653156
19 1491501
20 1360180
21 1237459
22 1145817
23 1056985
24 980264
25 910600
26 854794
27 796996
28 754358
29 706616
30 672374
31 634339
32 600887
33 570399
34 545736
35 521396
36 498667
37 475919
38 458215
39 439675
40 424488
41 405281
42 392453
43 377484
44 365950
45 355983
46 342629
47 331776
48 319785
49 311099
50 302599
51 294408
52 285525
53 276702
54 268814
55 262239
56 255075
57 248071
58 242317
59 237941
60 230809
61 225650
62 221516
63 216279
64 210701
65 206812
66 202147
67 197119
68 194419
69 190202
70 186671
71 182231
72 177569
73 175795
74 171292
75 169068
76 165754
77 161141
78 158830
79 155564
80 153510
81 150290
82 148319
83 145375
84 142973
85 140442
86 137991
87 135927
88 133870
89 131096
90 129487
91 128307
92 126301
93 124124
94 122346
95 120867
96 118999
97 117248
98 115470
99 114226
100 112324
101 110451
102 109006
103 107609
104 105691
105 104924
106 103439
107 101725
108 101190
109 99264
110 98245
111 96304
112 95977
113 94099
114 93174
115 91707
116 90942
117 89373
118 88356
119 87495
120 86548
121 85600
122 84114
123 83525
124 82068
125 81204
126 79928
127 79082
128 78438
129 77888
130 76892
131 76081
132 75031
133 74207
134 73620
135 72184
136 71930
137 70917
138 69815
139 69250
140 69321
141 67737
142 67272
143 67036
144 65621
145 65578
146 64287
147 63827
148 63358
149 62221
150 62494
151 60904
152 60463
153 60027
154 59296
155 58947
156 58061
157 57848
158 57365
159 56395
160 55959
161 55117
162 54905
163 53943
164 54439
165 53509
166 52574
167 52461
168 52363
169 51751
170 51560
171 51041
172 50646
173 49664
174 49541
175 49198
176 48506
177 48289
178 47849
179 47904
180 47377
181 46634
182 46378
183 45437
184 45557
185 45060
186 44974
187 44701
188 44209
189 43780
190 43563
191 43020
192 42065
193 42169
194 41615
195 41401
196 40775
197 40886
198 40615
199 40359
200 40195
201 39665
202 39492
203 38742
204 38945
205 38664
206 38368
207 37786
208 37445
209 37399
210 37457
211 36928
212 36599
213 36454
214 36401
215 35781
216 35466
217 35341
218 35209
219 35090
220 35149
221 34898
222 34527
223 34248
224 34078
225 33814
226 33363
227 32960
228 33037
229 32535
230 32619
231 32186
232 31910
233 31892
234 31408
235 31124
236 31175
237 30842
238 30541
239 30142
240 30066
241 30012
242 29752
243 29470
244 29115
245 29340
246 28911
247 28801
248 28656
249 28134
250 28235
251 27989
252 27860
253 27557
254 27380
255 27439
256 27260
257 27104
258 26681
259 26786
260 26513
261 26203
262 26320
263 25761
264 25900
265 25749
266 25268
267 25518
268 25139
269 25027
270 24840
271 24909
272 24851
273 24400
274 24391
275 23878
276 24077
277 23856
278 23685
279 23851
280 23554
281 23282
282 23099
283 22820
284 23233
285 22941
286 22828
287 22255
288 22659
289 22268
290 22177
291 21920
292 21901
293 21880
294 21518
295 21367
296 21102
297 21119
298 20955
299 21171
300 20613
301 20660
302 20468
303 20470
304 20379
305 20176
306 19974
307 20055
308 19906
309 19664
310 19635
311 19477
312 19412
313 19361
314 19308
315 19303
316 19115
317 19257
318 18788
319 18612
320 18476
321 18742
322 18589
323 18329
324 18367
325 18291
326 17961
327 17750
328 17927
329 17557
330 17666
331 17600
332 17672
333 17395
334 17304
335 17113
336 17076
337 17033
338 16968
339 16862
340 16715
341 16585
342 16617
343 16546
344 16419
345 16707
346 16428
347 16618
348 16058
349 16124
350 16167
351 15906
352 15954
353 15866
354 15811
355 15521
356 15693
357 15652
358 15412
359 15248
360 15284
361 15154
362 15112
363 14926
364 15037
365 14890
366 14949
367 14991
368 14610
369 14774
370 14563
371 14411
372 14403
373 14563
374 14642
375 14282
376 14339
377 14220
378 14209
379 14022
380 13994
381 13793
382 13908
383 13758
384 13578
385 13642
386 13457
387 13637
388 13152
389 13384
390 13156
391 13061
392 13016
393 12955
394 13314
395 13071
396 12958
397 13092
398 12880
399 12823
400 12788
401 12721
402 12666
403 12554
404 12606
405 12391
406 12589
407 12292
408 12374
409 12336
410 12220
411 12291
412 12009
413 12042
414 12153
415 11997
416 11852
417 11751
418 11814
419 11556
420 11610
421 11555
422 11612
423 11311
424 11230
425 11343
426 11504
427 11429
428 11162
429 11122
430 11217
431 11089
432 11103
433 11244
434 11186
435 10824
436 10787
437 10993
438 10808
439 10700
440 10896
441 10638
442 10490
443 10511
444 10595
445 10387
446 10516
447 10227
448 10394
449 10325
450 10277
451 10401
452 10129
453 10142
454 10021
455 9891
456 9849
457 9982
458 9852
459 9940
460 9992
461 9767
462 9599
463 9539
464 9594
465 9736
466 9822
467 9569
468 9491
469 9362
470 9436
471 9395
472 9381
473 9353
474 9115
475 9216
476 9100
477 9362
478 9019
479 9054
480 9098
481 9169
482 8888
483 9103
484 8954
485 8984
486 9003
487 8821
488 8865
489 8839
490 8967
491 8794
492 8809
493 8859
494 8839
495 8598
496 8669
497 8595
498 8553
499 8486
500 8275
501 8296
502 8407
503 8406
504 8334
505 8353
506 8383
507 8183
508 8272
509 8149
510 8100
511 8117
512 8111
513 7997
514 8036
515 8027
516 7959
517 7863
518 7816
519 7906
520 7953
521 7930
522 7827
523 7655
524 7816
525 7779
526 7645
527 7751
528 7465
529 7748
530 7615
531 7652
532 7633
533 7343
534 7541
535 7423
536 7276
537 7398
538 7352
539 7319
540 7242
541 7327
542 7396
543 7191
544 7262
545 7127
546 7138
547 7004
548 7050
549 7060
550 7086
551 6785
552 6889
553 6791
554 6854
555 6836
556 6948
557 6810
558 6682
559 6769
560 6653
561 6719
562 6729
563 6574
564 6657
565 6454
566 6437
567 6491
568 6432
569 6450
570 6431
571 6554
572 6491
573 6417
574 6332
575 6244
576 6454
577 6263
578 6233
579 6378
580 6190
581 6168
582 6022
583 6144
584 6138
585 6130
586 6198
587 6107
588 6116
589 6072
590 6082
591 6063
592 6063
593 5945
594 5996
595 5966
596 5861
597 5896
598 5823
599 5854
600 6067
601 5945
602 5733
603 5724
604 5863
605 5772
606 5793
607 5855
608 5759
609 5724
610 5553
611 5596
612 5803
613 5605
614 5486
615 5562
616 5429
617 5551
618 5437
619 5417
620 5428
621 5346
622 5489
623 5433
624 5479
625 5391
626 5418
627 5373
628 5458
629 5402
630 5299
631 5356
632 5268
633 5319
634 5270
635 5224
636 5185
637 5294
638 5175
639 5068
640 5107
641 5080
642 5165
643 5229
644 5092
645 5077
646 5027
647 5042
648 4990
649 4995
650 5008
651 5010
652 4965
653 5050
654 4954
655 5017
656 4879
657 4915
658 4860
659 4899
660 4859
661 4877
662 4877
663 4898
664 4774
665 4753
666 4828
667 4922
668 4753
669 4757
670 4697
671 4619
672 4709
673 4764
674 4717
675 4618
676 4714
677 4776
678 4696
679 4645
680 4624
681 4672
682 4535
683 4669
684 4552
685 4580
686 4426
687 4581
688 4520
689 4551
690 4540
691 4553
692 4502
693 4471
694 4565
695 4509
696 4388
697 4494
698 4196
699 4509
700 4391
701 4455
702 4432
703 4307
704 4389
705 4368
706 4294
707 4323
708 4337
709 4227
710 4380
711 4223
712 4293
713 4207
714 4276
715 4237
716 4203
717 4253
718 4066
719 4194
720 4028
721 4155
722 4004
723 4099
724 3988
725 3948
726 3924
727 3876
728 4019
729 3966
730 3977
731 3933
732 3883
733 3981
734 3894
735 3916
736 3839
737 3842
738 3841
739 4009
740 3933
741 3740
742 3768
743 3803
744 3757
745 3780
746 3894
747 3721
748 3769
749 3821
750 3722
751 3790
752 3698
753 3770
754 3655
755 3589
756 3769
757 3705
758 3653
759 3605
760 3726
761 3647
762 3652
763 3619
764 3623
765 3545
766 3604
767 3505
768 3566
769 3618
770 3582
771 3613
772 3552
773 3545
774 3574
775 3522
776 3555
777 3567
778 3387
779 3397
780 3519
781 3433
782 3390
783 3501
784 3385
785 3453
786 3410
787 3367
788 3377
789 3370
790 3423
791 3285
792 3307
793 3313
794 3317
795 3396
796 3325
797 3338
798 3347
799 3347
800 3300
801 3205
802 3287
803 3279
804 3208
805 3222
806 3324
807 3220
808 3108
809 3181
810 3214
811 3138
812 3180
813 3197
814 3296
815 3219
816 3214
817 3168
818 3183
819 3103
820 3100
821 3061
822 3195
823 3157
824 3102
825 3098
826 3114
827 3081
828 2967
829 3087
830 3045
831 3157
832 3002
833 3028
834 3015
835 3059
836 3052
837 3005
838 3043
839 3008
840 3116
841 3015
842 3115
843 3083
844 3047
845 3011
846 2960
847 2995
848 2940
849 3005
850 2881
851 2962
852 3048
853 2939
854 2915
855 2951
856 2874
857 2945
858 2990
859 2894
860 2863
861 2948
862 2958
863 2831
864 2809
865 2977
866 2878
867 2893
868 2825
869 2767
870 2878
871 2886
872 2760
873 2769
874 2827
875 2756
876 2808
877 2735
878 2755
879 2866
880 2719
881 2838
882 2762
883 2696
884 2713
885 2809
886 2655
887 2711
888 2672
889 2753
890 2720
891 2721
892 2665
893 2734
894 2703
895 2697
896 2662
897 2600
898 2669
899 2548
900 2656
901 2628
902 2710
903 2736
904 2663
905 2613
906 2537
907 2706
908 2653
909 2780
910 2587
911 2503
912 2682
913 2507
914 2602
915 2585
916 2525
917 2660
918 2599
919 2568
920 2470
921 2556
922 2648
923 2498
924 2587
925 2524
926 2539
927 2525
928 2530
929 2525
930 2465
931 2583
932 2496
933 2462
934 2481
935 2483
936 2512
937 2484
938 2383
939 2471
940 2366
941 2416
942 2361
943 2466
944 2436
945 2369
946 2451
947 2314
948 2379
949 2378
950 2351
951 2361
952 2337
953 2323
954 2301
955 2403
956 2380
957 2334
958 2317
959 2291
960 2337
961 2298
962 2269
963 2293
964 2341
965 2373
966 2372
967 2316
968 2257
969 2253
970 2172
971 2294
972 2290
973 2232
974 2257
975 2213
976 2225
977 2196
978 2160
979 2185
980 2245
981 2279
982 2160
983 2209
984 2218
985 2158
986 2173
987 2283
988 2215
989 2138
990 2227
991 2166
992 2129
993 2132
994 2133
995 2144
996 2155
997 2219
998 2105
999 2174
1000 2050
1001 2060
1002 2129
1003 2088
1004 2032
1005 2127
1006 2121
1007 2110
1008 2126
1009 2078
1010 2066
1011 2048
1012 2078
1013 1990
1014 2012
1015 1997
1016 2016
1017 2019
1018 2086
1019 1997
1020 2003
1021 1944
1022 2031
1023 1973
1024 1902
1025 1993
1026 1981
1027 1846
1028 1967
1029 1959
1030 1921
1031 2008
1032 1964
1033 1985
1034 1939
1035 1990
1036 1974
1037 1901
1038 1882
1039 1928
1040 1917
1041 1997
1042 1929
1043 1900
1044 1939
1045 1837
1046 1834
1047 1867
1048 1819
1049 1856
1050 1757
1051 1892
1052 1864
1053 1914
1054 1843
1055 1884
1056 1909
1057 1825
1058 1838
1059 1850
1060 1889
1061 1863
1062 1822
1063 1793
1064 1871
1065 1760
1066 1878
1067 1828
1068 1809
1069 1775
1070 1757
1071 1874
1072 1842
1073 1838
1074 1793
1075 1885
1076 1802
1077 1832
1078 1834
1079 1845
1080 1750
1081 1860
1082 1848
1083 1756
1084 1715
1085 1820
1086 1791
1087 1748
1088 1828
1089 1750
1090 1798
1091 1822
1092 1813
1093 1779
1094 1781
1095 1700
1096 1752
1097 1751
1098 1687
1099 1676
1100 1780
1101 1680
1102 1739
1103 1737
1104 1774
1105 1694
1106 1657
1107 1715
1108 1687
1109 1626
1110 1720
1111 1661
1112 1650
1113 1683
1114 1665
1115 1660
1116 1658
1117 1725
1118 1680
1119 1661
1120 1609
1121 1636
1122 1683
1123 1700
1124 1667
1125 1582
1126 1525
1127 1615
1128 1618
1129 1640
1130 1664
1131 1574
1132 1639
1133 1621
1134 1753
1135 1597
1136 1547
1137 1593
1138 1629
1139 1566
1140 1685
1141 1588
1142 1644
1143 1646
1144 1636
1145 1630
1146 1617
1147 1660
1148 1556
1149 1678
1150 1682
1151 1584
1152 1615
1153 1612
1154 1591
1155 1573
1156 1561
1157 1531
1158 1565
1159 1587
1160 1542
1161 1599
1162 1695
1163 1551
1164 1615
1165 1601
1166 1545
1167 1561
1168 1558
1169 1608
1170 1568
1171 1547
1172 1595
1173 1569
1174 1523
1175 1485
1176 1472
1177 1507
1178 1563
1179 1549
1180 1477
1181 1576
1182 1485
1183 1507
1184 1559
1185 1480
1186 1481
1187 1567
1188 1474
1189 1553
1190 1522
1191 1542
1192 1481
1193 1496
1194 1551
1195 1540
1196 1490
1197 1404
1198 1479
1199 1506
1200 1432
1201 1406
1202 1470
1203 1479
1204 1461
1205 1448
1206 1466
1207 1379
1208 1516
1209 1412
1210 1450
1211 1439
1212 1392
1213 1367
1214 1486
1215 1461
1216 1426
1217 1413
1218 1396
1219 1397
1220 1473
1221 1384
1222 1385
1223 1415
1224 1439
1225 1446
1226 1397
1227 1353
1228 1448
1229 1353
1230 1431
1231 1318
1232 1430
1233 1400
1234 1435
1235 1288
1236 1370
1237 1400
1238 1445
1239 1321
1240 1396
1241 1384
1242 1342
1243 1329
1244 1380
1245 1279
1246 1378
1247 1399
1248 1369
1249 1379
1250 1307
1251 1386
1252 1295
1253 1296
1254 1414
1255 1357
1256 1398
1257 1310
1258 1376
1259 1351
1260 1323
1261 1332
1262 1377
1263 1284
1264 1286
1265 1382
1266 1318
1267 1324
1268 1359
1269 1320
1270 1324
1271 1318
1272 1279
1273 1314
1274 1359
1275 1261
1276 1308
1277 1403
1278 1287
1279 1294
1280 1244
1281 1326
1282 1299
1283 1284
1284 1249
1285 1268
1286 1282
1287 1327
1288 1224
1289 1236
1290 1318
1291 1299
1292 1176
1293 1273
1294 1270
1295 1206
1296 1253
1297 1234
1298 1238
1299 1242
1300 1221
1301 1176
1302 1220
1303 1246
1304 1299
1305 1248
1306 1208
1307 1252
1308 1208
1309 1197
1310 1234
1311 1266
1312 1211
1313 1246
1314 1219
1315 1192
1316 1265
1317 1243
1318 1183
1319 1154
1320 1182
1321 1229
1322 1209
1323 1234
1324 1205
1325 1171
1326 1158
1327 1170
1328 1136
1329 1145
1330 1142
1331 1227
1332 1247
1333 1151
1334 1215
1335 1191
1336 1205
1337 1132
1338 1131
1339 1153
1340 1195
1341 1198
1342 1133
1343 1227
1344 1160
1345 1194
1346 1116
1347 1179
1348 1194
1349 1139
1350 1150
1351 1188
1352 1140
1353 1159
1354 1168
1355 1099
1356 1195
1357 1134
1358 1166
1359 1136
1360 1169
1361 1093
1362 1132
1363 1135
1364 1162
1365 1124
1366 1110
1367 1174
1368 1069
1369 1126
1370 1131
1371 1063
1372 1135
1373 1143
1374 1077
1375 1075
1376 1145
1377 1114
1378 1089
1379 1060
1380 1093
1381 1088
1382 1131
1383 1120
1384 1089
1385 1077
1386 1131
1387 1069
1388 1070
1389 1059
1390 1069
1391 1062
1392 1108
1393 1073
1394 1084
1395 1064
1396 1046
1397 1107
1398 1106
1399 1044
1400 967
1401 1085
1402 1124
1403 1079
1404 1089
1405 1062
1406 1049
1407 1071
1408 1100
1409 1055
1410 1088
1411 1037
1412 1004
1413 1030
1414 1100
1415 965
1416 1058
1417 1036
1418 1051
1419 1024
1420 1037
1421 1017
1422 1055
1423 1077
1424 1063
1425 1045
1426 1028
1427 1071
1428 1033
1429 1043
1430 1006
1431 1002
1432 1069
1433 1055
1434 1048
1435 1022
1436 1059
1437 1010
1438 977
1439 1030
1440 974
1441 1039
1442 1006
1443 1018
1444 965
1445 1035
1446 1024
1447 964
1448 976
1449 978
1450 987
1451 1039
1452 988
1453 934
1454 974
1455 980
1456 984
1457 1022
1458 958
1459 908
1460 950
1461 964
1462 1010
1463 954
1464 942
1465 951
1466 1002
1467 962
1468 954
1469 957
1470 979
1471 978
1472 965
1473 987
1474 959
1475 917
1476 957
1477 980
1478 951
1479 946
1480 970
1481 927
1482 1000
1483 916
1484 918
1485 920
1486 850
1487 961
1488 935
1489 917
1490 929
1491 1011
1492 911
1493 964
1494 890
1495 932
1496 952
1497 882
1498 928
1499 927
1500 916
1501 901
1502 906
1503 938
1504 865
1505 830
1506 896
1507 901
1508 869
1509 944
1510 835
1511 892
1512 890
1513 881
1514 856
1515 877
1516 892
1517 866
1518 908
1519 939
1520 867
1521 882
1522 896
1523 859
1524 939
1525 890
1526 907
1527 902
1528 853
1529 855
1530 871
1531 877
1532 895
1533 858
1534 885
1535 879
1536 866
1537 890
1538 837
1539 844
1540 857
1541 880
1542 892
1543 897
1544 888
1545 867
1546 823
1547 885
1548 896
1549 856
1550 843
1551 879
1552 855
1553 810
1554 892
1555 862
1556 873
1557 894
1558 818
1559 830
1560 876
1561 866
1562 839
1563 814
1564 858
1565 855
1566 859
1567 859
1568 867
1569 834
1570 800
1571 857
1572 839
1573 836
1574 825
1575 840
1576 841
1577 908
1578 817
1579 803
1580 827
1581 801
1582 793
1583 814
1584 861
1585 821
1586 847
1587 828
1588 817
1589 810
1590 838
1591 831
1592 879
1593 800
1594 808
1595 858
1596 843
1597 807
1598 743
1599 843
1600 820
1601 773
1602 760
1603 797
1604 799
1605 824
1606 763
1607 795
1608 794
1609 771
1610 853
1611 832
1612 804
1613 787
1614 836
1615 787
1616 769
1617 815
1618 803
1619 779
1620 793
1621 851
1622 783
1623 779
1624 798
1625 750
1626 778
1627 798
1628 748
1629 788
1630 779
1631 871
1632 770
1633 767
1634 766
1635 736
1636 770
1637 759
1638 772
1639 769
1640 761
1641 736
1642 676
1643 774
1644 741
1645 765
1646 739
1647 770
1648 753
1649 729
1650 746
1651 790
1652 703
1653 720
1654 721
1655 751
1656 717
1657 738
1658 725
1659 721
1660 692
1661 705
1662 762
1663 726
1664 738
1665 736
1666 671
1667 722
1668 745
1669 739
1670 701
1671 693
1672 741
1673 673
1674 683
1675 745
1676 672
1677 705
1678 697
1679 744
1680 690
1681 724
1682 693
1683 716
1684 767
1685 639
1686 728
1687 689
1688 702
1689 697
1690 680
1691 683
1692 693
1693 751
1694 714
1695 666
1696 674
1697 715
1698 714
1699 720
1700 688
1701 698
1702 686
1703 701
1704 687
1705 693
1706 697
1707 734
1708 705
1709 680
1710 703
1711 741
1712 685
1713 652
1714 671
1715 693
1716 685
1717 724
1718 685
1719 665
1720 677
1721 681
1722 708
1723 700
1724 715
1725 664
1726 698
1727 729
1728 682
1729 623
1730 681
1731 638
1732 692
1733 698
1734 626
1735 637
1736 683
1737 694
1738 656
1739 687
1740 681
1741 682
1742 656
1743 667
1744 685
1745 683
1746 597
1747 657
1748 649
1749 670
1750 621
1751 632
1752 699
1753 653
1754 663
1755 626
1756 645
1757 666
1758 715
1759 614
1760 659
1761 706
1762 636
1763 668
1764 639
1765 641
1766 617
1767 657
1768 615
1769 623
1770 648
1771 606
1772 654
1773 661
1774 654
1775 642
1776 697
1777 628
1778 662
1779 582
1780 634
1781 634
1782 666
1783 671
1784 609
1785 593
1786 639
1787 597
1788 651
1789 631
1790 584
1791 649
1792 620
1793 664
1794 593
1795 589
1796 647
1797 592
1798 627
1799 668
1800 607
1801 630
1802 639
1803 639
1804 622
1805 595
1806 610
1807 599
1808 629
1809 676
1810 624
1811 609
1812 616
1813 612
1814 591
1815 663
1816 595
1817 616
1818 577
1819 640
1820 588
1821 634
1822 618
1823 602
1824 624
1825 559
1826 621
1827 576
1828 611
1829 640
1830 619
1831 591
1832 608
1833 597
1834 584
1835 582
1836 602
1837 637
1838 565
1839 652
1840 607
1841 628
1842 620
1843 568
1844 574
1845 568
1846 625
1847 621
1848 629
1849 602
1850 550
1851 643
1852 622
1853 582
1854 590
1855 550
1856 608
1857 623
1858 601
1859 587
1860 595
1861 573
1862 594
1863 600
1864 605
1865 581
1866 594
1867 632
1868 574
1869 578
1870 594
1871 573
1872 576
1873 672
1874 604
1875 603
1876 547
1877 588
1878 619
1879 612
1880 583
1881 616
1882 551
1883 575
1884 604
1885 572
1886 584
1887 535
1888 624
1889 591
1890 551
1891 574
1892 617
1893 560
1894 549
1895 597
1896 630
1897 585
1898 553
1899 522
1900 581
1901 579
1902 588
1903 581
1904 547
1905 609
1906 606
1907 606
1908 557
1909 560
1910 532
1911 541
1912 566
1913 546
1914 545
1915 548
1916 573
1917 584
1918 548
1919 576
1920 609
1921 581
1922 575
1923 559
1924 566
1925 558
1926 570
1927 560
1928 561
1929 574
1930 578
1931 612
1932 558
1933 523
1934 579
1935 533
1936 587
1937 534
1938 553
1939 615
1940 533
1941 561
1942 585
1943 548
1944 546
1945 540
1946 545
1947 523
1948 535
1949 527
1950 533
1951 544
1952 542
1953 557
1954 503
1955 560
1956 531
1957 518
1958 534
1959 556
1960 570
1961 542
1962 521
1963 513
1964 556
1965 567
1966 534
1967 541
1968 561
1969 536
1970 566
1971 533
1972 543
1973 542
1974 516
1975 547
1976 545
1977 565
1978 514
1979 504
1980 514
1981 541
1982 536
1983 526
1984 507
1985 516
1986 568
1987 499
1988 548
1989 559
1990 528
1991 535
1992 518
1993 520
1994 555
1995 505
1996 508
1997 521
1998 552
1999 501
2000 505
2001 530
2002 530
2003 559
2004 526
2005 515
2006 519
2007 541
2008 508
2009 515
2010 511
2011 558
2012 530
2013 529
2014 493
2015 497
2016 532
2017 512
2018 502
2019 491
2020 511
2021 554
2022 546
2023 544
2024 532
2025 548
2026 458
2027 485
2028 494
2029 551
2030 527
2031 518
2032 555
2033 522
2034 525
2035 491
2036 500
2037 490
2038 468
2039 524
2040 544
2041 533
2042 504
2043 507
2044 526
2045 503
2046 491
2047 475
2048 516
2049 470
2050 484
2051 513
2052 555
2053 511
2054 501
2055 499
2056 494
2057 530
2058 536
2059 507
2060 490
2061 515
2062 503
2063 484
2064 468
2065 471
2066 485
2067 500
2068 425
2069 459
2070 435
2071 507
2072 476
2073 450
2074 524
2075 472
2076 503
2077 478
2078 507
2079 493
2080 484
2081 497
2082 499
2083 488
2084 472
2085 488
2086 491
2087 494
2088 484
2089 492
2090 468
2091 474
2092 445
2093 520
2094 452
2095 454
2096 474
2097 508
2098 445
2099 466
2100 508
2101 463
2102 401
2103 481
2104 475
2105 477
2106 442
2107 475
2108 448
2109 438
2110 455
2111 463
2112 478
2113 462
2114 446
2115 409
2116 467
2117 469
2118 440
2119 446
2120 466
2121 484
2122 493
2123 443
2124 467
2125 454
2126 448
2127 448
2128 453
2129 472
2130 463
2131 475
2132 440
2133 450
2134 438
2135 417
2136 464
2137 473
2138 451
2139 475
2140 456
2141 433
2142 428
2143 449
2144 473
2145 453
2146 430
2147 417
2148 458
2149 453
2150 451
2151 437
2152 426
2153 450
2154 429
2155 456
2156 418
2157 418
2158 473
2159 456
2160 433
2161 456
2162 445
2163 417
2164 420
2165 475
2166 433
2167 432
2168 389
2169 461
2170 461
2171 450
2172 446
2173 447
2174 410
2175 451
2176 419
2177 401
2178 399
2179 427
2180 387
2181 467
2182 426
2183 435
2184 457
2185 448
2186 411
2187 456
2188 457
2189 472
2190 474
2191 425
2192 404
2193 412
2194 426
2195 472
2196 419
2197 440
2198 385
2199 402
2200 413
2201 460
2202 403
2203 430
2204 402
2205 437
2206 430
2207 441
2208 401
2209 418
2210 412
2211 455
2212 445
2213 411
2214 415
2215 440
2216 457
2217 412
2218 419
2219 406
2220 419
2221 420
2222 420
2223 407
2224 449
2225 411
2226 397
2227 444
2228 387
2229 395
2230 402
2231 409
2232 396
2233 416
2234 418
2235 395
2236 395
2237 389
2238 445
2239 392
2240 371
2241 438
2242 421
2243 416
2244 424
2245 399
2246 420
2247 407
2248 381
2249 444
2250 419
2251 404
2252 423
2253 408
2254 373
2255 376
2256 374
2257 462
2258 380
2259 441
2260 417
2261 429
2262 378
2263 402
2264 414
2265 411
2266 405
2267 401
2268 392
2269 400
2270 425
2271 378
2272 370
2273 446
2274 400
2275 442
2276 410
2277 395
2278 388
2279 378
2280 412
2281 390
2282 374
2283 387
2284 352
2285 415
2286 351
2287 359
2288 417
2289 398
2290 381
2291 390
2292 366
2293 402
2294 404
2295 404
2296 413
2297 384
2298 375
2299 392
2300 391
2301 363
2302 396
2303 405
2304 384
2305 398
2306 368
2307 385
2308 403
2309 410
2310 404
2311 349
2312 391
2313 357
2314 408
2315 415
2316 371
2317 395
2318 402
2319 410
2320 404
2321 387
2322 359
2323 351
2324 381
2325 384
2326 410
2327 364
2328 432
2329 404
2330 394
2331 385
2332 367
2333 385
2334 393
2335 439
2336 387
2337 407
2338 382
2339 389
2340 406
2341 418
2342 373
2343 388
2344 379
2345 366
2346 392
2347 381
2348 409
2349 389
2350 397
2351 394
2352 397
2353 428
2354 388
2355 365
2356 393
2357 353
2358 358
2359 321
2360 369
2361 353
2362 362
2363 372
2364 374
2365 364
2366 343
2367 391
2368 387
2369 382
2370 386
2371 369
2372 390
2373 364
2374 370
2375 401
2376 378
2377 367
2378 337
2379 362
2380 377
2381 343
2382 358
2383 381
2384 404
2385 383
2386 366
2387 345
2388 388
2389 339
2390 369
2391 352
2392 407
2393 350
2394 357
2395 356
2396 372
2397 372
2398 370
2399 331
2400 381
2401 348
2402 350
2403 362
2404 347
2405 351
2406 340
2407 354
2408 346
2409 353
2410 396
2411 367
2412 351
2413 397
2414 340
2415 386
2416 333
2417 349
2418 330
2419 347
2420 368
2421 371
2422 329
2423 372
2424 319
2425 366
2426 332
2427 383
2428 341
2429 376
2430 334
2431 361
2432 364
2433 375
2434 351
2435 341
2436 338
2437 350
2438 386
2439 336
2440 368
2441 331
2442 343
2443 334
2444 356
2445 359
2446 312
2447 344
2448 352
2449 314
2450 318
2451 329
2452 327
2453 334
2454 334
2455 349
2456 345
2457 311
2458 303
2459 333
2460 314
2461 344
2462 346
2463 342
2464 359
2465 356
2466 344
2467 347
2468 348
2469 299
2470 370
2471 302
2472 343
2473 331
2474 335
2475 344
2476 323
2477 316
2478 345
2479 324
2480 363
2481 325
2482 354
2483 337
2484 281
2485 348
2486 350
2487 345
2488 360
2489 324
2490 352
2491 318
2492 287
2493 344
2494 308
2495 319
2496 351
2497 325
2498 313
2499 325
2500 325
2501 313
2502 333
2503 318
2504 349
2505 361
2506 315
2507 343
2508 322
2509 354
2510 326
2511 309
2512 346
2513 341
2514 322
2515 331
2516 335
2517 343
2518 348
2519 296
2520 342
2521 341
2522 312
2523 347
2524 377
2525 323
2526 320
2527 337
2528 306
2529 315
2530 338
2531 328
2532 336
2533 331
2534 313
2535 291
2536 336
2537 315
2538 313
2539 326
2540 318
2541 303
2542 324
2543 312
2544 338
2545 306
2546 312
2547 323
2548 297
2549 331
2550 323
2551 314
2552 323
2553 331
2554 287
2555 312
2556 309
2557 347
2558 333
2559 314
2560 312
2561 310
2562 316
2563 306
2564 322
2565 332
2566 329
2567 324
2568 347
2569 332
2570 312
2571 324
2572 308
2573 289
2574 335
2575 312
2576 321
2577 305
2578 300
2579 331
2580 311
2581 308
2582 298
2583 317
2584 298
2585 318
2586 313
2587 293
2588 291
2589 310
2590 310
2591 304
2592 298
2593 272
2594 322
2595 311
2596 295
2597 297
2598 298
2599 300
2600 313
2601 297
2602 306
2603 276
2604 291
2605 309
2606 295
2607 276
2608 302
2609 289
2610 335
2611 250
2612 295
2613 297
2614 282
2615 283
2616 304
2617 283
2618 262
2619 295
2620 271
2621 289
2622 287
2623 291
2624 288
2625 305
2626 263
2627 310
2628 261
2629 283
2630 301
2631 283
2632 307
2633 300
2634 304
2635 308
2636 306
2637 287
2638 272
2639 266
2640 283
2641 267
2642 281
2643 279
2644 252
2645 295
2646 278
2647 255
2648 276
2649 269
2650 291
2651 288
2652 270
2653 270
2654 267
2655 294
2656 269
2657 283
2658 277
2659 300
2660 281
2661 287
2662 274
2663 303
2664 282
2665 278
2666 296
2667 267
2668 267
2669 268
2670 263
2671 286
2672 299
2673 287
2674 250
2675 262
2676 262
2677 262
2678 279
2679 259
2680 313
2681 290
2682 296
2683 262
2684 296
2685 284
2686 284
2687 246
2688 317
2689 310
2690 260
2691 295
2692 270
2693 258
2694 278
2695 249
2696 285
2697 287
2698 292
2699 250
2700 302
2701 306
2702 285
2703 258
2704 264
2705 290
2706 288
2707 281
2708 254
2709 259
2710 256
2711 286
2712 253
2713 275
2714 286
2715 295
2716 306
2717 259
2718 292
2719 237
2720 273
2721 245
2722 253
2723 258
2724 293
2725 266
2726 253
2727 267
2728 266
2729 261
2730 276
2731 288
2732 268
2733 248
2734 267
2735 273
2736 242
2737 271
2738 243
2739 266
2740 232
2741 251
2742 271
2743 278
2744 280
2745 264
2746 260
2747 235
2748 276
2749 265
2750 257
2751 269
2752 266
2753 272
2754 239
2755 282
2756 269
2757 269
2758 238
2759 254
2760 274
2761 273
2762 249
2763 253
2764 268
2765 274
2766 261
2767 268
2768 254
2769 268
2770 241
2771 260
2772 271
2773 268
2774 252
2775 218
2776 276
2777 271
2778 283
2779 271
2780 258
2781 263
2782 274
2783 250
2784 278
2785 259
2786 250
2787 260
2788 248
2789 266
2790 261
2791 252
2792 247
2793 246
2794 255
2795 288
2796 244
2797 261
2798 257
2799 258
2800 273
2801 291
2802 222
2803 250
2804 266
2805 227
2806 217
2807 256
2808 258
2809 251
2810 268
2811 247
2812 262
2813 245
2814 227
2815 294
2816 235
2817 223
2818 237
2819 241
2820 262
2821 257
2822 240
2823 245
2824 221
2825 282
2826 206
2827 225
2828 216
2829 262
2830 230
2831 266
2832 246
2833 228
2834 228
2835 240
2836 254
2837 221
2838 227
2839 258
2840 263
2841 238
2842 231
2843 220
2844 233
2845 256
2846 272
2847 248
2848 228
2849 229
2850 243
2851 211
2852 234
2853 235
2854 268
2855 235
2856 220
2857 237
2858 234
2859 242
2860 216
2861 223
2862 247
2863 228
2864 220
2865 226
2866 227
2867 248
2868 238
2869 234
2870 245
2871 261
2872 264
2873 262
2874 224
2875 223
2876 226
2877 274
2878 238
2879 236
2880 244
2881 258
2882 265
2883 209
2884 232
2885 244
2886 266
2887 253
2888 215
2889 224
2890 219
2891 250
2892 235
2893 251
2894 223
2895 208
2896 246
2897 226
2898 235
2899 232
2900 221
2901 221
2902 245
2903 249
2904 237
2905 205
2906 241
2907 232
2908 246
2909 239
2910 248
2911 232
2912 258
2913 274
2914 230
2915 218
2916 242
2917 216
2918 231
2919 212
2920 243
2921 242
2922 247
2923 254
2924 246
2925 240
2926 213
2927 196
2928 234
2929 224
2930 238
2931 243
2932 225
2933 223
2934 203
2935 240
2936 246
2937 228
2938 235
2939 209
2940 248
2941 216
2942 261
2943 233
2944 219
2945 210
2946 211
2947 234
2948 230
2949 234
2950 189
2951 217
2952 256
2953 222
2954 251
2955 228
2956 236
2957 209
2958 198
2959 220
2960 240
2961 218
2962 212
2963 209
2964 225
2965 228
2966 232
2967 232
2968 221
2969 216
2970 217
2971 245
2972 208
2973 236
2974 221
2975 211
2976 240
2977 215
2978 237
2979 232
2980 219
2981 216
2982 232
2983 233
2984 202
2985 213
2986 207
2987 209
2988 202
2989 214
2990 205
2991 225
2992 206
2993 224
2994 229
2995 244
2996 208
2997 244
2998 225
2999 238
3000 207
3001 222
3002 220
3003 219
3004 204
3005 266
3006 223
3007 213
3008 212
3009 220
3010 197
3011 210
3012 209
3013 215
3014 214
3015 216
3016 228
3017 233
3018 226
3019 213
3020 214
3021 219
3022 226
3023 217
3024 234
3025 256
3026 252
3027 229
3028 210
3029 218
3030 217
3031 211
3032 245
3033 226
3034 230
3035 221
3036 227
3037 229
3038 189
3039 208
3040 231
3041 206
3042 207
3043 223
3044 218
3045 224
3046 238
3047 208
3048 210
3049 205
3050 224
3051 205
3052 207
3053 224
3054 230
3055 187
3056 204
3057 204
3058 202
3059 186
3060 210
3061 190
3062 216
3063 198
3064 240
3065 225
3066 241
3067 200
3068 207
3069 224
3070 202
3071 217
3072 211
3073 205
3074 211
3075 187
3076 186
3077 215
3078 193
3079 220
3080 211
3081 192
3082 197
3083 223
3084 205
3085 222
3086 212
3087 214
3088 176
3089 201
3090 213
3091 198
3092 190
3093 234
3094 235
3095 224
3096 211
3097 220
3098 189
3099 220
3100 196
3101 217
3102 220
3103 208
3104 210
3105 234
3106 193
3107 202
3108 191
3109 208
3110 212
3111 225
3112 185
3113 215
3114 210
3115 228
3116 212
3117 229
3118 200
3119 196
3120 191
3121 206
3122 188
3123 208
3124 224
3125 211
3126 183
3127 221
3128 221
3129 210
3130 215
3131 217
3132 227
3133 202
3134 185
3135 200
3136 193
3137 205
3138 208
3139 197
3140 207
3141 204
3142 206
3143 195
3144 227
3145 221
3146 210
3147 222
3148 194
3149 202
3150 164
3151 190
3152 232
3153 196
3154 192
3155 213
3156 187
3157 201
3158 207
3159 221
3160 179
3161 218
3162 215
3163 194
3164 198
3165 204
3166 202
3167 182
3168 227
3169 199
3170 213
3171 188
3172 210
3173 205
3174 162
3175 211
3176 191
3177 179
3178 185
3179 188
3180 188
3181 201
3182 205
3183 208
3184 185
3185 208
3186 187
3187 185
3188 175
3189 197
3190 203
3191 179
3192 190
3193 174
3194 194
3195 222
3196 198
3197 191
3198 218
3199 229
3200 182
3201 194
3202 184
3203 214
3204 198
3205 171
3206 173
3207 183
3208 192
3209 198
3210 191
3211 179
3212 161
3213 178
3214 220
3215 196
3216 191
3217 204
3218 210
3219 212
3220 176
3221 208
3222 173
3223 191
3224 201
3225 163
3226 175
3227 211
3228 173
3229 189
3230 179
3231 177
3232 197
3233 186
3234 199
3235 183
3236 197
3237 175
3238 194
3239 210
3240 190
3241 187
3242 214
3243 189
3244 169
3245 169
3246 173
3247 196
3248 199
3249 205
3250 162
3251 195
3252 194
3253 179
3254 180
3255 167
3256 170
3257 171
3258 185
3259 177
3260 158
3261 171
3262 195
3263 174
3264 180
3265 174
3266 173
3267 201
3268 183
3269 182
3270 177
3271 156
3272 172
3273 160
3274 196
3275 184
3276 202
3277 212
3278 148
3279 172
3280 178
3281 160
3282 185
3283 204
3284 154
3285 185
3286 176
3287 200
3288 163
3289 189
3290 174
3291 191
3292 177
3293 200
3294 181
3295 188
3296 152
3297 162
3298 177
3299 190
3300 171
3301 179
3302 157
3303 175
3304 161
3305 184
3306 161
3307 213
3308 170
3309 210
3310 164
3311 186
3312 201
3313 192
3314 177
3315 195
3316 145
3317 184
3318 178
3319 184
3320 176
3321 182
3322 185
3323 196
3324 178
3325 181
3326 180
3327 169
3328 178
3329 213
3330 157
3331 177
3332 172
3333 176
3334 193
3335 169
3336 183
3337 175
3338 153
3339 158
3340 180
3341 185
3342 208
3343 178
3344 177
3345 192
3346 184
3347 181
3348 159
3349 182
3350 165
3351 182
3352 166
3353 149
3354 165
3355 186
3356 168
3357 186
3358 172
3359 178
3360 171
3361 167
3362 160
3363 183
3364 144
3365 148
3366 164
3367 179
3368 163
3369 181
3370 180
3371 167
3372 181
3373 147
3374 162
3375 169
3376 192
3377 176
3378 191
3379 169
3380 156
3381 172
3382 163
3383 168
3384 154
3385 179
3386 170
3387 182
3388 148
3389 187
3390 182
3391 167
3392 172
3393 189
3394 183
3395 164
3396 184
3397 168
3398 155
3399 166
3400 165
3401 176
3402 179
3403 164
3404 161
3405 173
3406 171
3407 156
3408 179
3409 164
3410 168
3411 174
3412 159
3413 197
3414 168
3415 189
3416 181
3417 150
3418 158
3419 158
3420 196
3421 173
3422 168
3423 160
3424 169
3425 169
3426 179
3427 152
3428 175
3429 149
3430 193
3431 175
3432 158
3433 154
3434 167
3435 171
3436 158
3437 157
3438 164
3439 179
3440 154
3441 170
3442 166
3443 159
3444 137
3445 153
3446 162
3447 161
3448 170
3449 159
3450 154
3451 161
3452 146
3453 167
3454 167
3455 158
3456 178
3457 157
3458 154
3459 178
3460 175
3461 175
3462 153
3463 160
3464 177
3465 137
3466 164
3467 158
3468 150
3469 155
3470 135
3471 152
3472 146
3473 141
3474 184
3475 165
3476 162
3477 160
3478 161
3479 170
3480 167
3481 160
3482 155
3483 151
3484 141
3485 163
3486 160
3487 152
3488 145
3489 149
3490 143
3491 155
3492 187
3493 173
3494 168
3495 158
3496 153
3497 163
3498 165
3499 168
3500 156
3501 170
3502 157
3503 177
3504 163
3505 162
3506 144
3507 153
3508 161
3509 168
3510 142
3511 155
3512 186
3513 143
3514 147
3515 148
3516 190
3517 142
3518 142
3519 167
3520 179
3521 172
3522 139
3523 156
3524 144
3525 158
3526 172
3527 165
3528 169
3529 155
3530 145
3531 161
3532 154
3533 150
3534 156
3535 149
3536 156
3537 133
3538 148
3539 160
3540 152
3541 147
3542 158
3543 151
3544 183
3545 149
3546 143
3547 152
3548 158
3549 153
3550 140
3551 153
3552 156
3553 158
3554 170
3555 138
3556 174
3557 183
3558 158
3559 153
3560 143
3561 147
3562 139
3563 159
3564 127
3565 152
3566 171
3567 159
3568 160
3569 155
3570 175
3571 167
3572 156
3573 171
3574 146
3575 120
3576 148
3577 165
3578 154
3579 150
3580 162
3581 166
3582 155
3583 159
3584 153
3585 139
3586 157
3587 123
3588 150
3589 141
3590 155
3591 131
3592 151
3593 169
3594 145
3595 171
3596 149
3597 159
3598 157
3599 159
3600 161
3601 154
3602 120
3603 158
3604 145
3605 144
3606 150
3607 162
3608 150
3609 139
3610 144
3611 149
3612 147
3613 161
3614 151
3615 147
3616 143
3617 162
3618 149
3619 141
3620 126
3621 144
3622 153
3623 169
3624 151
3625 166
3626 148
3627 130
3628 142
3629 140
3630 152
3631 170
3632 190
3633 137
3634 165
3635 160
3636 154
3637 133
3638 134
3639 136
3640 131
3641 158
3642 128
3643 163
3644 125
3645 140
3646 148
3647 140
3648 158
3649 156
3650 153
3651 141
3652 154
3653 156
3654 138
3655 146
3656 146
3657 147
3658 159
3659 135
3660 137
3661 167
3662 122
3663 146
3664 144
3665 156
3666 175
3667 145
3668 146
3669 143
3670 163
3671 128
3672 162
3673 148
3674 166
3675 150
3676 140
3677 141
3678 144
3679 123
3680 138
3681 121
3682 148
3683 150
3684 152
3685 166
3686 151
3687 136
3688 115
3689 141
3690 137
3691 148
3692 136
3693 151
3694 127
3695 143
3696 153
3697 150
3698 129
3699 142
3700 145
3701 122
3702 149
3703 137
3704 119
3705 136
3706 152
3707 150
3708 149
3709 156
3710 156
3711 145
3712 138
3713 131
3714 148
3715 139
3716 171
3717 143
3718 137
3719 156
3720 142
3721 144
3722 145
3723 148
3724 128
3725 137
3726 169
3727 136
3728 131
3729 147
3730 110
3731 159
3732 140
3733 149
3734 141
3735 144
3736 128
3737 137
3738 117
3739 145
3740 128
3741 127
3742 145
3743 129
3744 136
3745 135
3746 134
3747 126
3748 148
3749 114
3750 161
3751 146
3752 125
3753 127
3754 130
3755 129
3756 144
3757 126
3758 141
3759 121
3760 145
3761 138
3762 131
3763 131
3764 149
3765 149
3766 139
3767 123
3768 144
3769 148
3770 137
3771 148
3772 135
3773 129
3774 122
3775 141
3776 121
3777 119
3778 121
3779 110
3780 160
3781 129
3782 135
3783 116
3784 125
3785 142
3786 119
3787 136
3788 129
3789 130
3790 145
3791 136
3792 134
3793 139
3794 119
3795 132
3796 134
3797 112
3798 127
3799 137
3800 135
3801 120
3802 123
3803 139
3804 117
3805 121
3806 129
3807 141
3808 130
3809 145
3810 111
3811 146
3812 123
3813 159
3814 137
3815 131
3816 143
3817 131
3818 128
3819 132
3820 124
3821 120
3822 117
3823 117
3824 124
3825 139
3826 138
3827 136
3828 137
3829 144
3830 116
3831 127
3832 118
3833 144
3834 120
3835 121
3836 142
3837 119
3838 121
3839 124
3840 136
3841 110
3842 144
3843 117
3844 146
3845 136
3846 148
3847 142
3848 131
3849 139
3850 128
3851 129
3852 115
3853 129
3854 133
3855 123
3856 126
3857 154
3858 117
3859 121
3860 144
3861 122
3862 140
3863 122
3864 145
3865 109
3866 139
3867 114
3868 117
3869 132
3870 130
3871 132
3872 133
3873 137
3874 121
3875 111
3876 126
3877 143
3878 129
3879 140
3880 115
3881 140
3882 154
3883 141
3884 131
3885 136
3886 126
3887 102
3888 127
3889 132
3890 125
3891 116
3892 133
3893 144
3894 142
3895 146
3896 124
3897 131
3898 134
3899 127
3900 126
3901 124
3902 113
3903 115
3904 112
3905 114
3906 116
3907 134
3908 143
3909 130
3910 124
3911 122
3912 125
3913 118
3914 118
3915 129
3916 124
3917 134
3918 125
3919 108
3920 130
3921 146
3922 141
3923 116
3924 124
3925 119
3926 142
3927 147
3928 135
3929 125
3930 127
3931 139
3932 113
3933 135
3934 130
3935 117
3936 134
3937 121
3938 133
3939 108
3940 130
3941 116
3942 139
3943 121
3944 113
3945 124
3946 130
3947 138
3948 122
3949 120
3950 132
3951 125
3952 109
3953 118
3954 122
3955 126
3956 111
3957 125
3958 136
3959 131
3960 105
3961 139
3962 145
3963 114
3964 158
3965 123
3966 122
3967 125
3968 126
3969 129
3970 123
3971 119
3972 121
3973 124
3974 131
3975 123
3976 125
3977 135
3978 139
3979 129
3980 138
3981 127
3982 110
3983 118
3984 120
3985 146
3986 118
3987 117
3988 148
3989 118
3990 119
3991 131
3992 114
3993 105
3994 125
3995 117
3996 114
3997 130
3998 97
3999 126
4000 127
4001 102
4002 138
4003 121
4004 101
4005 124
4006 126
4007 101
4008 115
4009 117
4010 97
4011 96
4012 124
4013 126
4014 136
4015 133
4016 105
4017 130
4018 127
4019 138
4020 110
4021 129
4022 121
4023 147
4024 122
4025 113
4026 106
4027 126
4028 107
4029 122
4030 117
4031 121
4032 119
4033 128
4034 95
4035 96
4036 113
4037 104
4038 123
4039 98
4040 113
4041 110
4042 127
4043 127
4044 122
4045 111
4046 111
4047 121
4048 119
4049 114
4050 120
4051 119
4052 137
4053 105
4054 91
4055 96
4056 113
4057 113
4058 122
4059 115
4060 128
4061 118
4062 115
4063 121
4064 124
4065 127
4066 117
4067 114
4068 122
4069 135
4070 130
4071 119
4072 120
4073 118
4074 109
4075 120
4076 103
4077 101
4078 137
4079 112
4080 101
4081 110
4082 125
4083 134
4084 110
4085 112
4086 132
4087 116
4088 116
4089 133
4090 102
4091 136
4092 115
4093 114
4094 96
4095 145
4096 100
4097 136
4098 118
4099 126
4100 105
4101 118
4102 123
4103 137
4104 113
4105 100
4106 100
4107 100
4108 105
4109 121
4110 114
4111 119
4112 98
4113 127
4114 131
4115 114
4116 114
4117 118
4118 118
4119 128
4120 130
4121 102
4122 116
4123 118
4124 105
4125 102
4126 120
4127 111
4128 116
4129 114
4130 113
4131 114
4132 129
4133 126
4134 106
4135 126
4136 120
4137 127
4138 104
4139 130
4140 103
4141 113
4142 114
4143 113
4144 120
4145 105
4146 117
4147 114
4148 116
4149 119
4150 126
4151 108
4152 104
4153 123
4154 118
4155 147
4156 107
4157 112
4158 122
4159 126
4160 130
4161 96
4162 110
4163 121
4164 110
4165 98
4166 99
4167 125
4168 118
4169 119
4170 129
4171 118
4172 91
4173 113
4174 98
4175 115
4176 120
4177 104
4178 104
4179 122
4180 100
4181 104
4182 119
4183 121
4184 122
4185 107
4186 122
4187 110
4188 119
4189 125
4190 113
4191 120
4192 101
4193 105
4194 110
4195 104
4196 88
4197 93
4198 108
4199 124
4200 117
4201 122
4202 119
4203 106
4204 99
4205 106
4206 116
4207 121
4208 109
4209 114
4210 113
4211 104
4212 127
4213 107
4214 92
4215 112
4216 106
4217 116
4218 107
4219 117
4220 109
4221 119
4222 104
4223 100
4224 106
4225 131
4226 113
4227 109
4228 111
4229 97
4230 112
4231 105
4232 103
4233 122
4234 98
4235 119
4236 104
4237 103
4238 128
4239 119
4240 98
4241 124
4242 98
4243 109
4244 107
4245 113
4246 117
4247 95
4248 125
4249 103
4250 104
4251 94
4252 111
4253 95
4254 111
4255 124
4256 107
4257 86
4258 95
4259 131
4260 98
4261 121
4262 100
4263 103
4264 114
4265 106
4266 124
4267 109
4268 113
4269 111
4270 110
4271 112
4272 102
4273 98
4274 128
4275 109
4276 93
4277 107
4278 117
4279 103
4280 92
4281 104
4282 96
4283 106
4284 115
4285 98
4286 112
4287 111
4288 107
4289 95
4290 108
4291 110
4292 85
4293 113
4294 109
4295 109
4296 96
4297 111
4298 100
4299 112
4300 111
4301 110
4302 113
4303 127
4304 111
4305 127
4306 95
4307 103
4308 94
4309 113
4310 95
4311 88
4312 101
4313 126
4314 106
4315 92
4316 122
4317 97
4318 115
4319 86
4320 108
4321 111
4322 80
4323 103
4324 100
4325 101
4326 100
4327 94
4328 87
4329 118
4330 106
4331 116
4332 99
4333 105
4334 107
4335 111
4336 103
4337 114
4338 104
4339 96
4340 102
4341 113
4342 95
4343 100
4344 113
4345 101
4346 115
4347 112
4348 101
4349 109
4350 108
4351 102
4352 107
4353 82
4354 96
4355 97
4356 110
4357 104
4358 99
4359 112
4360 100
4361 97
4362 106
4363 81
4364 105
4365 90
4366 103
4367 112
4368 114
4369 106
4370 80
4371 105
4372 129
4373 117
4374 97
4375 82
4376 98
4377 104
4378 88
4379 99
4380 115
4381 89
4382 99
4383 101
4384 108
4385 106
4386 97
4387 106
4388 113
4389 93
4390 112
4391 112
4392 111
4393 111
4394 103
4395 106
4396 116
4397 127
4398 89
4399 107
4400 94
4401 113
4402 95
4403 119
4404 100
4405 120
4406 89
4407 123
4408 114
4409 119
4410 116
4411 99
4412 104
4413 92
4414 119
4415 106
4416 114
4417 98
4418 101
4419 89
4420 119
4421 105
4422 96
4423 108
4424 91
4425 105
4426 104
4427 95
4428 109
4429 121
4430 99
4431 95
4432 87
4433 102
4434 114
4435 99
4436 95
4437 122
4438 97
4439 87
4440 97
4441 98
4442 104
4443 87
4444 90
4445 103
4446 79
4447 106
4448 131
4449 102
4450 113
4451 103
4452 91
4453 78
4454 128
4455 110
4456 89
4457 90
4458 106
4459 91
4460 101
4461 109
4462 104
4463 97
4464 101
4465 94
4466 106
4467 100
4468 118
4469 106
4470 86
4471 97
4472 93
4473 84
4474 105
4475 99
4476 88
4477 104
4478 114
4479 109
4480 91
4481 91
4482 119
4483 88
4484 111
4485 109
4486 94
4487 117
4488 100
4489 102
4490 82
4491 96
4492 100
4493 104
4494 95
4495 99
4496 102
4497 101
4498 117
4499 107
4500 97
4501 85
4502 90
4503 106
4504 109
4505 90
4506 85
4507 97
4508 82
4509 107
4510 109
4511 103
4512 89
4513 88
4514 94
4515 100
4516 126
4517 100
4518 111
4519 97
4520 98
4521 98
4522 84
4523 92
4524 100
4525 98
4526 86
4527 93
4528 108
4529 98
4530 96
4531 93
4532 98
4533 99
4534 97
4535 93
4536 109
4537 90
4538 84
4539 82
4540 93
4541 91
4542 92
4543 96
4544 75
4545 100
4546 98
4547 83
4548 111
4549 98
4550 86
4551 82
4552 93
4553 114
4554 92
4555 98
4556 106
4557 95
4558 91
4559 100
4560 106
4561 85
4562 104
4563 96
4564 88
4565 78
4566 87
4567 107
4568 98
4569 103
4570 86
4571 92
4572 109
4573 104
4574 112
4575 94
4576 93
4577 88
4578 88
4579 89
4580 90
4581 111
4582 101
4583 108
4584 92
4585 91
4586 93
4587 91
4588 98
4589 104
4590 97
4591 79
4592 114
4593 87
4594 101
4595 101
4596 85
4597 92
4598 111
4599 109
4600 109
4601 94
4602 109
4603 101
4604 88
4605 78
4606 92
4607 88
4608 86
4609 94
4610 93
4611 89
4612 99
4613 99
4614 103
4615 101
4616 92
4617 99
4618 99
4619 81
4620 109
4621 101
4622 95
4623 94
4624 76
4625 94
4626 84
4627 103
4628 90
4629 107
4630 109
4631 93
4632 95
4633 112
4634 102
4635 106
4636 88
4637 78
4638 79
4639 87
4640 109
4641 93
4642 101
4643 96
4644 96
4645 118
4646 93
4647 83
4648 102
4649 94
4650 91
4651 104
4652 76
4653 95
4654 90
4655 113
4656 96
4657 95
4658 98
4659 103
4660 96
4661 87
4662 87
4663 110
4664 98
4665 97
4666 94
4667 93
4668 80
4669 112
4670 100
4671 88
4672 91
4673 110
4674 90
4675 90
4676 87
4677 93
4678 91
4679 109
4680 87
4681 107
4682 74
4683 105
4684 96
4685 96
4686 82
4687 85
4688 105
4689 80
4690 91
4691 86
4692 66
4693 105
4694 102
4695 77
4696 83
4697 87
4698 91
4699 96
4700 83
4701 86
4702 87
4703 93
4704 98
4705 86
4706 89
4707 83
4708 85
4709 95
4710 112
4711 85
4712 78
4713 91
4714 99
4715 99
4716 89
4717 97
4718 99
4719 92
4720 84
4721 92
4722 92
4723 86
4724 97
4725 99
4726 96
4727 96
4728 90
4729 89
4730 95
4731 98
4732 101
4733 89
4734 88
4735 87
4736 90
4737 81
4738 107
4739 110
4740 92
4741 88
4742 86
4743 84
4744 96
4745 90
4746 83
4747 84
4748 96
4749 93
4750 89
4751 70
4752 84
4753 84
4754 83
4755 109
4756 81
4757 87
4758 89
4759 89
4760 101
4761 92
4762 84
4763 92
4764 104
4765 78
4766 98
4767 86
4768 90
4769 94
4770 89
4771 102
4772 83
4773 89
4774 77
4775 78
4776 87
4777 94
4778 92
4779 76
4780 70
4781 91
4782 72
4783 99
4784 82
4785 80
4786 72
4787 88
4788 96
4789 84
4790 97
4791 84
4792 80
4793 86
4794 89
4795 84
4796 81
4797 86
4798 91
4799 92
4800 87
4801 80
4802 85
4803 98
4804 70
4805 81
4806 82
4807 91
4808 84
4809 105
4810 94
4811 77
4812 97
4813 87
4814 71
4815 85
4816 81
4817 88
4818 90
4819 79
4820 97
4821 72
4822 90
4823 74
4824 98
4825 81
4826 95
4827 71
4828 88
4829 99
4830 86
4831 92
4832 87
4833 82
4834 88
4835 71
4836 78
4837 87
4838 75
4839 86
4840 87
4841 87
4842 71
4843 80
4844 92
4845 84
4846 97
4847 84
4848 103
4849 76
4850 94
4851 80
4852 74
4853 91
4854 75
4855 65
4856 85
4857 103
4858 91
4859 72
4860 67
4861 100
4862 72
4863 77
4864 79
4865 103
4866 80
4867 82
4868 79
4869 87
4870 78
4871 75
4872 79
4873 90
4874 82
4875 91
4876 88
4877 81
4878 93
4879 82
4880 76
4881 94
4882 83
4883 86
4884 93
4885 80
4886 92
4887 84
4888 94
4889 80
4890 76
4891 86
4892 87
4893 86
4894 83
4895 71
4896 84
4897 80
4898 87
4899 81
4900 75
4901 79
4902 81
4903 102
4904 84
4905 84
4906 78
4907 88
4908 90
4909 83
4910 69
4911 68
4912 87
4913 84
4914 90
4915 90
4916 86
4917 86
4918 91
4919 81
4920 84
4921 87
4922 91
4923 77
4924 97
4925 84
4926 83
4927 93
4928 80
4929 78
4930 93
4931 85
4932 99
4933 84
4934 86
4935 97
4936 102
4937 78
4938 78
4939 75
4940 79
4941 92
4942 77
4943 89
4944 82
4945 98
4946 91
4947 85
4948 98
4949 76
4950 76
4951 97
4952 79
4953 86
4954 80
4955 63
4956 76
4957 80
4958 85
4959 93
4960 85
4961 81
4962 92
4963 71
4964 89
4965 87
4966 91
4967 74
4968 84
4969 74
4970 98
4971 100
4972 91
4973 81
4974 84
4975 75
4976 88
4977 70
4978 89
4979 82
4980 95
4981 71
4982 80
4983 82
4984 83
4985 81
4986 83
4987 87
4988 78
4989 79
4990 78
4991 96
4992 90
4993 102
4994 94
4995 85
4996 98
4997 86
4998 71
4999 76
5000 93
5001 85
5002 77
5003 85
5004 96
5005 72
5006 93
5007 85
5008 85
5009 92
5010 87
5011 85
5012 90
5013 98
5014 70
5015 87
5016 80
5017 89
5018 72
5019 84
5020 94
5021 73
5022 94
5023 72
5024 76
5025 86
5026 79
5027 92
5028 79
5029 95
5030 81
5031 81
5032 97
5033 76
5034 75
5035 77
5036 63
5037 82
5038 88
5039 98
5040 84
5041 71
5042 85
5043 94
5044 90
5045 92
5046 95
5047 78
5048 78
5049 73
5050 83
5051 85
5052 80
5053 82
5054 72
5055 68
5056 84
5057 68
5058 81
5059 88
5060 71
5061 86
5062 102
5063 89
5064 67
5065 84
5066 89
5067 78
5068 74
5069 71
5070 80
5071 63
5072 76
5073 63
5074 71
5075 88
5076 95
5077 92
5078 88
5079 67
5080 74
5081 75
5082 77
5083 72
5084 69
5085 76
5086 90
5087 74
5088 63
5089 91
5090 74
5091 67
5092 79
5093 68
5094 88
5095 83
5096 69
5097 68
5098 78
5099 91
5100 97
5101 84
5102 84
5103 59
5104 95
5105 86
5106 79
5107 85
5108 83
5109 86
5110 73
5111 73
5112 79
5113 84
5114 62
5115 74
5116 76
5117 76
5118 73
5119 77
5120 90
5121 88
5122 78
5123 69
5124 93
5125 83
5126 86
5127 84
5128 74
5129 74
5130 88
5131 81
5132 81
5133 74
5134 84
5135 84
5136 67
5137 82
5138 74
5139 86
5140 90
5141 84
5142 83
5143 79
5144 68
5145 84
5146 72
5147 75
5148 72
5149 92
5150 83
5151 76
5152 83
5153 71
5154 66
5155 73
5156 73
5157 83
5158 95
5159 69
5160 83
5161 69
5162 83
5163 60
5164 73
5165 68
5166 75
5167 67
5168 78
5169 75
5170 77
5171 89
5172 64
5173 78
5174 63
5175 77
5176 77
5177 88
5178 86
5179 74
5180 72
5181 74
5182 83
5183 83
5184 75
5185 78
5186 80
5187 86
5188 74
5189 75
5190 80
5191 72
5192 67
5193 76
5194 79
5195 78
5196 70
5197 75
5198 78
5199 67
5200 71
5201 84
5202 71
5203 65
5204 75
5205 68
5206 80
5207 85
5208 84
5209 87
5210 68
5211 78
5212 75
5213 72
5214 84
5215 65
5216 84
5217 85
5218 60
5219 63
5220 77
5221 79
5222 67
5223 73
5224 69
5225 87
5226 78
5227 71
5228 71
5229 77
5230 72
5231 81
5232 69
5233 61
5234 62
5235 67
5236 79
5237 77
5238 89
5239 83
5240 68
5241 67
5242 69
5243 60
5244 65
5245 73
5246 75
5247 80
5248 79
5249 79
5250 68
5251 72
5252 80
5253 65
5254 85
5255 80
5256 73
5257 79
5258 72
5259 62
5260 86
5261 74
5262 67
5263 78
5264 73
5265 71
5266 66
5267 93
5268 63
5269 80
5270 74
5271 86
5272 75
5273 93
5274 78
5275 86
5276 78
5277 92
5278 84
5279 66
5280 72
5281 82
5282 65
5283 66
5284 71
5285 64
5286 69
5287 82
5288 85
5289 75
5290 83
5291 83
5292 74
5293 74
5294 76
5295 81
5296 77
5297 75
5298 73
5299 84
5300 74
5301 72
5302 71
5303 81
5304 69
5305 62
5306 82
5307 72
5308 70
5309 88
5310 66
5311 67
5312 78
5313 71
5314 86
5315 77
5316 69
5317 70
5318 87
5319 60
5320 84
5321 74
5322 88
5323 84
5324 79
5325 73
5326 77
5327 72
5328 72
5329 76
5330 82
5331 71
5332 58
5333 85
5334 72
5335 83
5336 66
5337 76
5338 65
5339 74
5340 74
5341 77
5342 94
5343 77
5344 74
5345 79
5346 80
5347 87
5348 69
5349 75
5350 78
5351 58
5352 70
5353 89
5354 74
5355 60
5356 74
5357 66
5358 60
5359 66
5360 78
5361 70
5362 79
5363 58
5364 85
5365 87
5366 77
5367 70
5368 66
5369 68
5370 78
5371 69
5372 65
5373 72
5374 76
5375 82
5376 90
5377 62
5378 78
5379 67
5380 89
5381 71
5382 73
5383 80
5384 104
5385 64
5386 81
5387 73
5388 68
5389 81
5390 67
5391 82
5392 72
5393 77
5394 69
5395 73
5396 76
5397 59
5398 80
5399 63
5400 74
5401 70
5402 90
5403 68
5404 62
5405 67
5406 59
5407 68
5408 79
5409 59
5410 67
5411 69
5412 66
5413 58
5414 86
5415 76
5416 58
5417 69
5418 85
5419 55
5420 81
5421 57
5422 78
5423 56
5424 69
5425 71
5426 60
5427 71
5428 74
5429 65
5430 59
5431 82
5432 71
5433 85
5434 60
5435 63
5436 62
5437 63
5438 71
5439 64
5440 71
5441 87
5442 69
5443 70
5444 54
5445 55
5446 66
5447 73
5448 87
5449 60
5450 65
5451 68
5452 66
5453 67
5454 72
5455 55
5456 67
5457 73
5458 73
5459 55
5460 73
5461 69
5462 61
5463 68
5464 68
5465 65
5466 78
5467 81
5468 63
5469 74
5470 74
5471 78
5472 81
5473 62
5474 65
5475 68
5476 70
5477 67
5478 68
5479 64
5480 61
5481 65
5482 65
5483 72
5484 55
5485 70
5486 59
5487 73
5488 63
5489 78
5490 57
5491 61
5492 86
5493 68
5494 75
5495 80
5496 70
5497 72
5498 65
5499 65
5500 70
5501 86
5502 69
5503 76
5504 56
5505 63
5506 64
5507 70
5508 56
5509 77
5510 51
5511 55
5512 69
5513 61
5514 54
5515 79
5516 73
5517 68
5518 71
5519 74
5520 68
5521 78
5522 68
5523 74
5524 53
5525 64
5526 67
5527 63
5528 71
5529 62
5530 63
5531 67
5532 82
5533 58
5534 71
5535 78
5536 59
5537 70
5538 62
5539 63
5540 67
5541 48
5542 62
5543 60
5544 58
5545 82
5546 65
5547 70
5548 75
5549 73
5550 61
5551 67
5552 80
5553 68
5554 62
5555 76
5556 68
5557 52
5558 68
5559 60
5560 87
5561 53
5562 95
5563 63
5564 53
5565 79
5566 55
5567 54
5568 67
5569 63
5570 65
5571 77
5572 49
5573 66
5574 61
5575 64
5576 60
5577 51
5578 52
5579 71
5580 67
5581 62
5582 61
5583 67
5584 76
5585 66
5586 69
5587 68
5588 66
5589 48
5590 67
5591 60
5592 64
5593 66
5594 57
5595 88
5596 71
5597 55
5598 55
5599 65
5600 65
5601 103
5602 70
5603 64
5604 63
5605 47
5606 60
5607 66
5608 67
5609 65
5610 54
5611 65
5612 57
5613 64
5614 67
5615 65
5616 56
5617 52
5618 66
5619 51
5620 68
5621 81
5622 64
5623 68
5624 53
5625 61
5626 70
5627 62
5628 51
5629 69
5630 67
5631 70
5632 67
5633 72
5634 61
5635 74
5636 71
5637 62
5638 68
5639 66
5640 49
5641 46
5642 58
5643 65
5644 74
5645 72
5646 71
5647 81
5648 58
5649 67
5650 68
5651 60
5652 49
5653 62
5654 61
5655 60
5656 61
5657 61
5658 67
5659 59
5660 65
5661 64
5662 65
5663 71
5664 61
5665 73
5666 67
5667 71
5668 66
5669 60
5670 61
5671 53
5672 57
5673 73
5674 69
5675 63
5676 63
5677 73
5678 71
5679 66
5680 72
5681 62
5682 65
5683 59
5684 66
5685 57
5686 67
5687 54
5688 62
5689 56
5690 56
5691 66
5692 46
5693 74
5694 50
5695 59
5696 67
5697 61
5698 58
5699 65
5700 55
5701 52
5702 98
5703 64
5704 57
5705 61
5706 49
5707 55
5708 67
5709 61
5710 48
5711 68
5712 68
5713 63
5714 52
5715 77
5716 63
5717 56
5718 63
5719 50
5720 60
5721 70
5722 58
5723 73
5724 58
5725 56
5726 59
5727 59
5728 72
5729 68
5730 67
5731 67
5732 78
5733 59
5734 65
5735 51
5736 72
5737 56
5738 68
5739 74
5740 60
5741 70
5742 67
5743 57
5744 84
5745 66
5746 57
5747 57
5748 80
5749 63
5750 61
5751 63
5752 60
5753 64
5754 52
5755 58
5756 60
5757 51
5758 51
5759 65
5760 76
5761 65
5762 67
5763 73
5764 61
5765 78
5766 62
5767 59
5768 63
5769 63
5770 62
5771 77
5772 57
5773 69
5774 58
5775 60
5776 52
5777 48
5778 57
5779 55
5780 63
5781 52
5782 69
5783 59
5784 56
5785 57
5786 64
5787 65
5788 60
5789 64
5790 54
5791 75
5792 52
5793 52
5794 65
5795 67
5796 59
5797 61
5798 81
5799 52
5800 59
5801 53
5802 61
5803 56
5804 63
5805 58
5806 69
5807 52
5808 54
5809 60
5810 49
5811 56
5812 52
5813 67
5814 68
5815 80
5816 60
5817 69
5818 56
5819 52
5820 56
5821 60
5822 59
5823 71
5824 58
5825 52
5826 59
5827 59
5828 72
5829 61
5830 45
5831 60
5832 68
5833 62
5834 57
5835 60
5836 66
5837 72
5838 58
5839 71
5840 55
5841 55
5842 55
5843 53
5844 66
5845 44
5846 54
5847 55
5848 44
5849 65
5850 58
5851 52
5852 53
5853 56
5854 69
5855 53
5856 57
5857 59
5858 52
5859 60
5860 52
5861 65
5862 58
5863 65
5864 60
5865 67
5866 51
5867 60
5868 54
5869 56
5870 50
5871 68
5872 55
5873 57
5874 52
5875 54
5876 54
5877 55
5878 44
5879 74
5880 48
5881 63
5882 60
5883 51
5884 69
5885 58
5886 53
5887 61
5888 54
5889 56
5890 74
5891 61
5892 57
5893 52
5894 53
5895 50
5896 63
5897 53
5898 55
5899 57
5900 59
5901 53
5902 53
5903 57
5904 59
5905 64
5906 49
5907 66
5908 57
5909 56
5910 61
5911 54
5912 66
5913 58
5914 68
5915 63
5916 63
5917 65
5918 38
5919 49
5920 74
5921 59
5922 56
5923 50
5924 56
5925 52
5926 64
5927 58
5928 52
5929 54
5930 56
5931 57
5932 56
5933 67
5934 57
5935 44
5936 62
5937 49
5938 67
5939 50
5940 54
5941 58
5942 51
5943 69
5944 62
5945 51
5946 62
5947 68
5948 53
5949 69
5950 62
5951 70
5952 62
5953 57
5954 77
5955 55
5956 45
5957 47
5958 55
5959 60
5960 52
5961 51
5962 54
5963 58
5964 43
5965 66
5966 60
5967 52
5968 56
5969 64
5970 67
5971 52
5972 57
5973 57
5974 59
5975 52
5976 51
5977 45
5978 57
5979 64
5980 64
5981 60
5982 69
5983 62
5984 67
5985 53
5986 63
5987 47
5988 62
5989 49
5990 52
5991 68
5992 57
5993 56
5994 43
5995 53
5996 49
5997 63
5998 62
5999 47
6000 68
6001 56
6002 60
6003 55
6004 52
6005 59
6006 59
6007 47
6008 65
6009 54
6010 59
6011 70
6012 54
6013 63
6014 67
6015 55
6016 57
6017 49
6018 55
6019 51
6020 63
6021 65
6022 50
6023 54
6024 51
6025 36
6026 55
6027 47
6028 62
6029 64
6030 45
6031 45
6032 48
6033 51
6034 57
6035 65
6036 54
6037 47
6038 50
6039 62
6040 55
6041 58
6042 46
6043 73
6044 56
6045 46
6046 62
6047 65
6048 50
6049 64
6050 43
6051 60
6052 61
6053 53
6054 57
6055 50
6056 66
6057 64
6058 43
6059 49
6060 55
6061 49
6062 56
6063 57
6064 46
6065 57
6066 46
6067 39
6068 47
6069 50
6070 65
6071 56
6072 52
6073 63
6074 63
6075 58
6076 60
6077 58
6078 32
6079 46
6080 50
6081 49
6082 54
6083 51
6084 40
6085 54
6086 46
6087 42
6088 57
6089 49
6090 55
6091 56
6092 60
6093 50
6094 46
6095 55
6096 55
6097 53
6098 50
6099 50
6100 47
6101 65
6102 50
6103 49
6104 58
6105 67
6106 69
6107 48
6108 49
6109 51
6110 53
6111 45
6112 55
6113 60
6114 47
6115 59
6116 58
6117 40
6118 49
6119 38
6120 47
6121 67
6122 53
6123 52
6124 51
6125 55
6126 65
6127 52
6128 61
6129 54
6130 63
6131 38
6132 56
6133 71
6134 46
6135 52
6136 52
6137 59
6138 50
6139 54
6140 41
6141 53
6142 61
6143 64
6144 49
6145 45
6146 35
6147 76
6148 72
6149 53
6150 64
6151 51
6152 51
6153 59
6154 58
6155 57
6156 66
6157 49
6158 48
6159 55
6160 41
6161 57
6162 46
6163 48
6164 52
6165 52
6166 60
6167 51
6168 68
6169 67
6170 49
6171 53
6172 61
6173 62
6174 58
6175 57
6176 48
6177 54
6178 53
6179 63
6180 45
6181 64
6182 60
6183 47
6184 57
6185 55
6186 63
6187 60
6188 59
6189 55
6190 53
6191 48
6192 56
6193 49
6194 58
6195 54
6196 50
6197 64
6198 54
6199 46
6200 61
6201 60
6202 56
6203 56
6204 57
6205 60
6206 45
6207 65
6208 56
6209 57
6210 45
6211 48
6212 48
6213 58
6214 38
6215 61
6216 51
6217 56
6218 55
6219 51
6220 56
6221 48
6222 63
6223 50
6224 53
6225 62
6226 55
6227 46
6228 47
6229 41
6230 52
6231 65
6232 81
6233 57
6234 55
6235 59
6236 46
6237 53
6238 75
6239 66
6240 40
6241 51
6242 67
6243 51
6244 57
6245 39
6246 61
6247 56
6248 55
6249 56
6250 38
6251 55
6252 59
6253 56
6254 48
6255 48
6256 44
6257 61
6258 43
6259 47
6260 55
6261 52
6262 64
6263 61
6264 54
6265 45
6266 46
6267 52
6268 49
6269 61
6270 50
6271 59
6272 43
6273 61
6274 52
6275 30
6276 51
6277 56
6278 56
6279 53
6280 52
6281 65
6282 53
6283 58
6284 54
6285 56
6286 60
6287 48
6288 74
6289 58
6290 52
6291 50
6292 57
6293 56
6294 60
6295 57
6296 51
6297 39
6298 56
6299 50
6300 49
6301 39
6302 58
6303 33
6304 51
6305 56
6306 48
6307 50
6308 67
6309 50
6310 55
6311 57
6312 57
6313 42
6314 56
6315 60
6316 59
6317 57
6318 43
6319 49
6320 50
6321 53
6322 54
6323 42
6324 62
6325 56
6326 55
6327 41
6328 42
6329 55
6330 48
6331 51
6332 55
6333 53
6334 39
6335 44
6336 63
6337 48
6338 57
6339 50
6340 53
6341 60
6342 52
6343 51
6344 65
6345 50
6346 62
6347 49
6348 52
6349 69
6350 49
6351 60
6352 52
6353 50
6354 59
6355 60
6356 51
6357 56
6358 51
6359 39
6360 49
6361 53
6362 57
6363 46
6364 57
6365 52
6366 53
6367 38
6368 51
6369 51
6370 48
6371 53
6372 50
6373 52
6374 49
6375 56
6376 40
6377 52
6378 60
6379 52
6380 53
6381 55
6382 47
6383 59
6384 48
6385 45
6386 57
6387 53
6388 56
6389 54
6390 50
6391 58
6392 50
6393 58
6394 50
6395 51
6396 53
6397 45
6398 44
6399 56
6400 65
6401 34
6402 44
6403 54
6404 45
6405 55
6406 57
6407 54
6408 57
6409 54
6410 49
6411 60
6412 41
6413 45
6414 58
6415 49
6416 47
6417 37
6418 48
6419 51
6420 53
6421 54
6422 50
6423 64
6424 51
6425 54
6426 55
6427 63
6428 62
6429 46
6430 51
6431 44
6432 55
6433 40
6434 49
6435 59
6436 56
6437 49
6438 46
6439 61
6440 53
6441 48
6442 65
6443 53
6444 58
6445 55
6446 57
6447 59
6448 65
6449 44
6450 42
6451 57
6452 48
6453 48
6454 47
6455 60
6456 59
6457 44
6458 47
6459 39
6460 42
6461 52
6462 55
6463 63
6464 60
6465 54
6466 60
6467 56
6468 48
6469 49
6470 60
6471 45
6472 47
6473 45
6474 50
6475 50
6476 47
6477 57
6478 50
6479 51
6480 58
6481 44
6482 51
6483 59
6484 52
6485 62
6486 45
6487 59
6488 46
6489 42
6490 52
6491 53
6492 47
6493 38
6494 47
6495 50
6496 55
6497 52
6498 39
6499 41
6500 45
6501 55
6502 48
6503 37
6504 49
6505 44
6506 62
6507 37
6508 62
6509 47
6510 38
6511 46
6512 62
6513 54
6514 51
6515 47
6516 44
6517 38
6518 51
6519 54
6520 44
6521 57
6522 48
6523 43
6524 48
6525 35
6526 49
6527 59
6528 56
6529 41
6530 44
6531 50
6532 56
6533 55
6534 49
6535 46
6536 45
6537 53
6538 46
6539 39
6540 59
6541 52
6542 57
6543 45
6544 51
6545 46
6546 40
6547 55
6548 43
6549 51
6550 52
6551 46
6552 48
6553 51
6554 44
6555 39
6556 49
6557 48
6558 61
6559 42
6560 67
6561 46
6562 64
6563 42
6564 40
6565 56
6566 44
6567 48
6568 50
6569 53
6570 51
6571 39
6572 45
6573 39
6574 50
6575 44
6576 44
6577 50
6578 50
6579 51
6580 48
6581 48
6582 45
6583 61
6584 57
6585 56
6586 38
6587 46
6588 39
6589 48
6590 46
6591 40
6592 43
6593 63
6594 49
6595 43
6596 59
6597 39
6598 50
6599 52
6600 55
6601 48
6602 54
6603 54
6604 61
6605 42
6606 46
6607 53
6608 40
6609 44
6610 47
6611 38
6612 59
6613 42
6614 36
6615 47
6616 50
6617 48
6618 53
6619 43
6620 34
6621 58
6622 53
6623 50
6624 32
6625 41
6626 49
6627 33
6628 42
6629 38
6630 36
6631 52
6632 42
6633 44
6634 34
6635 52
6636 55
6637 54
6638 38
6639 48
6640 49
6641 43
6642 46
6643 52
6644 54
6645 39
6646 46
6647 41
6648 43
6649 50
6650 44
6651 47
6652 41
6653 40
6654 43
6655 48
6656 36
6657 42
6658 38
6659 40
6660 46
6661 48
6662 30
6663 45
6664 48
6665 42
6666 49
6667 39
6668 45
6669 49
6670 43
6671 43
6672 45
6673 57
6674 53
6675 59
6676 49
6677 30
6678 42
6679 48
6680 48
6681 41
6682 40
6683 48
6684 59
6685 38
6686 49
6687 45
6688 56
6689 48
6690 47
6691 48
6692 45
6693 43
6694 52
6695 50
6696 38
6697 46
6698 40
6699 39
6700 49
6701 39
6702 41
6703 51
6704 31
6705 55
6706 51
6707 47
6708 59
6709 49
6710 43
6711 52
6712 44
6713 49
6714 40
6715 53
6716 51
6717 43
6718 39
6719 43
6720 49
6721 41
6722 44
6723 43
6724 31
6725 50
6726 58
6727 45
6728 40
6729 55
6730 38
6731 45
6732 53
6733 55
6734 47
6735 35
6736 38
6737 41
6738 52
6739 41
6740 33
6741 45
6742 45
6743 44
6744 53
6745 41
6746 48
6747 47
6748 41
6749 39
6750 56
6751 42
6752 47
6753 50
6754 52
6755 49
6756 43
6757 47
6758 45
6759 54
6760 45
6761 51
6762 50
6763 40
6764 49
6765 56
6766 41
6767 52
6768 60
6769 52
6770 32
6771 54
6772 33
6773 54
6774 40
6775 56
6776 50
6777 40
6778 45
6779 33
6780 42
6781 42
6782 42
6783 53
6784 42
6785 43
6786 42
6787 42
6788 45
6789 43
6790 42
6791 44
6792 43
6793 47
6794 44
6795 52
6796 38
6797 36
6798 45
6799 39
6800 66
6801 47
6802 53
6803 39
6804 59
6805 40
6806 51
6807 42
6808 27
6809 55
6810 61
6811 52
6812 46
6813 51
6814 50
6815 43
6816 43
6817 42
6818 45
6819 39
6820 48
6821 46
6822 50
6823 39
6824 46
6825 64
6826 53
6827 39
6828 36
6829 38
6830 46
6831 45
6832 40
6833 51
6834 43
6835 40
6836 40
6837 51
6838 44
6839 48
6840 31
6841 45
6842 30
6843 37
6844 39
6845 52
6846 47
6847 43
6848 56
6849 42
6850 46
6851 50
6852 41
6853 31
6854 47
6855 51
6856 41
6857 34
6858 45
6859 45
6860 39
6861 44
6862 46
6863 49
6864 42
6865 49
6866 54
6867 34
6868 41
6869 44
6870 38
6871 43
6872 38
6873 47
6874 45
6875 37
6876 37
6877 46
6878 39
6879 43
6880 43
6881 39
6882 43
6883 40
6884 54
6885 36
6886 40
6887 45
6888 35
6889 45
6890 31
6891 40
6892 47
6893 44
6894 42
6895 47
6896 34
6897 45
6898 44
6899 42
6900 44
6901 42
6902 31
6903 47
6904 42
6905 51
6906 37
6907 46
6908 48
6909 47
6910 48
6911 50
6912 45
6913 39
6914 48
6915 55
6916 37
6917 44
6918 47
6919 45
6920 47
6921 50
6922 40
6923 41
6924 49
6925 45
6926 57
6927 58
6928 47
6929 37
6930 41
6931 43
6932 45
6933 55
6934 34
6935 40
6936 45
6937 42
6938 40
6939 49
6940 43
6941 33
6942 42
6943 42
6944 44
6945 40
6946 37
6947 41
6948 44
6949 53
6950 42
6951 45
6952 38
6953 46
6954 39
6955 43
6956 49
6957 43
6958 45
6959 44
6960 44
6961 45
6962 42
6963 34
6964 43
6965 49
6966 48
6967 58
6968 54
6969 43
6970 47
6971 54
6972 46
6973 52
6974 45
6975 56
6976 30
6977 56
6978 55
6979 44
6980 46
6981 36
6982 37
6983 42
6984 48
6985 35
6986 41
6987 48
6988 46
6989 34
6990 41
6991 50
6992 50
6993 41
6994 39
6995 44
6996 40
6997 41
6998 33
6999 48
7000 35
7001 40
7002 51
7003 35
7004 49
7005 39
7006 41
7007 43
7008 34
7009 43
7010 47
7011 31
7012 39
7013 47
7014 38
7015 42
7016 32
7017 35
7018 36
7019 38
7020 32
7021 33
7022 42
7023 39
7024 40
7025 44
7026 42
7027 35
7028 54
7029 52
7030 42
7031 53
7032 46
7033 46
7034 43
7035 43
7036 42
7037 26
7038 40
7039 49
7040 49
7041 54
7042 42
7043 50
7044 43
7045 58
7046 44
7047 35
7048 44
7049 48
7050 38
7051 43
7052 28
7053 50
7054 30
7055 46
7056 41
7057 43
7058 43
7059 32
7060 36
7061 28
7062 46
7063 46
7064 55
7065 37
7066 45
7067 26
7068 50
7069 42
7070 47
7071 51
7072 45
7073 31
7074 42
7075 47
7076 44
7077 40
7078 45
7079 31
7080 43
7081 34
7082 33
7083 37
7084 47
7085 32
7086 50
7087 47
7088 54
7089 31
7090 42
7091 31
7092 38
7093 49
7094 42
7095 51
7096 45
7097 38
7098 38
7099 45
7100 51
7101 46
7102 46
7103 49
7104 41
7105 32
7106 63
7107 38
7108 38
7109 40
7110 34
7111 34
7112 44
7113 40
7114 34
7115 55
7116 58
7117 48
7118 41
7119 40
7120 30
7121 35
7122 34
7123 48
7124 38
7125 42
7126 35
7127 38
7128 40
7129 42
7130 27
7131 38
7132 35
7133 40
7134 50
7135 55
7136 40
7137 41
7138 42
7139 40
7140 40
7141 35
7142 49
7143 41
7144 41
7145 33
7146 44
7147 46
7148 47
7149 42
7150 50
7151 39
7152 59
7153 48
7154 43
7155 42
7156 38
7157 43
7158 49
7159 48
7160 34
7161 43
7162 42
7163 44
7164 45
7165 36
7166 48
7167 38
7168 48
7169 43
7170 41
7171 50
7172 28
7173 34
7174 37
7175 36
7176 33
7177 42
7178 27
7179 60
7180 55
7181 45
7182 32
7183 37
7184 38
7185 47
7186 45
7187 40
7188 35
7189 51
7190 52
7191 42
7192 39
7193 36
7194 54
7195 45
7196 41
7197 38
7198 36
7199 41
7200 51
7201 51
7202 47
7203 45
7204 41
7205 42
7206 37
7207 42
7208 46
7209 36
7210 40
7211 44
7212 36
7213 37
7214 50
7215 30
7216 42
7217 42
7218 44
7219 35
7220 45
7221 38
7222 32
7223 46
7224 55
7225 49
7226 50
7227 46
7228 35
7229 34
7230 45
7231 48
7232 52
7233 36
7234 39
7235 38
7236 38
7237 44
7238 36
7239 29
7240 37
7241 48
7242 35
7243 37
7244 43
7245 31
7246 31
7247 34
7248 46
7249 39
7250 37
7251 43
7252 48
7253 38
7254 42
7255 47
7256 45
7257 43
7258 51
7259 42
7260 49
7261 41
7262 57
7263 49
7264 44
7265 34
7266 39
7267 34
7268 39
7269 53
7270 34
7271 40
7272 42
7273 38
7274 53
7275 40
7276 46
7277 46
7278 41
7279 51
7280 41
7281 35
7282 51
7283 48
7284 41
7285 47
7286 56
7287 41
7288 42
7289 33
7290 45
7291 35
7292 34
7293 49
7294 32
7295 30
7296 43
7297 36
7298 38
7299 36
7300 37
7301 40
7302 45
7303 46
7304 40
7305 38
7306 41
7307 45
7308 45
7309 37
7310 32
7311 35
7312 38
7313 43
7314 38
7315 35
7316 44
7317 34
7318 44
7319 42
7320 37
7321 46
7322 40
7323 43
7324 35
7325 41
7326 44
7327 37
7328 36
7329 50
7330 36
7331 42
7332 40
7333 31
7334 44
7335 37
7336 37
7337 44
7338 37
7339 31
7340 41
7341 40
7342 43
7343 48
7344 48
7345 41
7346 44
7347 39
7348 49
7349 37
7350 46
7351 46
7352 37
7353 42
7354 51
7355 45
7356 42
7357 45
7358 43
7359 57
7360 43
7361 40
7362 51
7363 36
7364 38
7365 39
7366 44
7367 42
7368 37
7369 54
7370 47
7371 40
7372 39
7373 37
7374 47
7375 38
7376 31
7377 33
7378 44
7379 29
7380 30
7381 34
7382 39
7383 33
7384 42
7385 29
7386 41
7387 45
7388 38
7389 46
7390 49
7391 38
7392 38
7393 50
7394 46
7395 42
7396 35
7397 42
7398 31
7399 47
7400 44
7401 44
7402 44
7403 46
7404 43
7405 37
7406 33
7407 39
7408 27
7409 46
7410 43
7411 53
7412 30
7413 44
7414 51
7415 45
7416 35
7417 30
7418 31
7419 43
7420 25
7421 33
7422 38
7423 37
7424 43
7425 33
7426 29
7427 43
7428 38
7429 26
7430 49
7431 40
7432 41
7433 41
7434 44
7435 30
7436 32
7437 36
7438 41
7439 37
7440 43
7441 54
7442 33
7443 39
7444 40
7445 46
7446 51
7447 39
7448 32
7449 34
7450 36
7451 50
7452 31
7453 22
7454 48
7455 37
7456 35
7457 36
7458 38
7459 38
7460 40
7461 40
7462 39
7463 43
7464 35
7465 46
7466 33
7467 32
7468 42
7469 33
7470 34
7471 43
7472 39
7473 32
7474 30
7475 33
7476 48
7477 29
7478 35
7479 43
7480 45
7481 48
7482 38
7483 28
7484 30
7485 31
7486 42
7487 35
7488 38
7489 40
7490 37
7491 45
7492 57
7493 43
7494 31
7495 46
7496 39
7497 44
7498 31
7499 32
7500 36
7501 37
7502 33
7503 46
7504 29
7505 38
7506 41
7507 44
7508 31
7509 46
7510 36
7511 32
7512 35
7513 32
7514 36
7515 43
7516 34
7517 42
7518 46
7519 41
7520 35
7521 35
7522 51
7523 44
7524 45
7525 44
7526 45
7527 39
7528 33
7529 33
7530 36
7531 51
7532 39
7533 36
7534 25
7535 52
7536 40
7537 44
7538 44
7539 49
7540 39
7541 39
7542 30
7543 33
7544 46
7545 37
7546 36
7547 38
7548 43
7549 44
7550 38
7551 35
7552 42
7553 39
7554 48
7555 32
7556 34
7557 49
7558 38
7559 35
7560 27
7561 45
7562 37
7563 32
7564 35
7565 36
7566 28
7567 49
7568 27
7569 44
7570 48
7571 39
7572 40
7573 52
7574 33
7575 48
7576 42
7577 45
7578 42
7579 46
7580 29
7581 27
7582 33
7583 30
7584 42
7585 42
7586 41
7587 35
7588 48
7589 32
7590 47
7591 38
7592 37
7593 31
7594 33
7595 46
7596 43
7597 38
7598 43
7599 37
7600 30
7601 42
7602 32
7603 46
7604 30
7605 43
7606 37
7607 31
7608 30
7609 47
7610 37
7611 31
7612 35
7613 33
7614 30
7615 30
7616 30
7617 23
7618 42
7619 47
7620 34
7621 32
7622 33
7623 38
7624 30
7625 31
7626 42
7627 47
7628 47
7629 27
7630 34
7631 45
7632 37
7633 48
7634 36
7635 47
7636 42
7637 35
7638 31
7639 42
7640 36
7641 35
7642 42
7643 33
7644 43
7645 36
7646 34
7647 39
7648 37
7649 29
7650 35
7651 44
7652 35
7653 39
7654 27
7655 29
7656 34
7657 33
7658 27
7659 38
7660 39
7661 46
7662 36
7663 26
7664 38
7665 37
7666 38
7667 39
7668 29
7669 49
7670 43
7671 30
7672 41
7673 42
7674 35
7675 37
7676 32
7677 39
7678 36
7679 37
7680 31
7681 35
7682 33
7683 40
7684 32
7685 26
7686 41
7687 40
7688 42
7689 41
7690 37
7691 33
7692 42
7693 35
7694 31
7695 27
7696 32
7697 33
7698 35
7699 40
7700 39
7701 28
7702 47
7703 37
7704 39
7705 41
7706 48
7707 32
7708 48
7709 33
7710 30
7711 33
7712 34
7713 37
7714 26
7715 42
7716 36
7717 34
7718 39
7719 26
7720 37
7721 41
7722 31
7723 29
7724 37
7725 26
7726 28
7727 37
7728 25
7729 37
7730 32
7731 43
7732 45
7733 34
7734 26
7735 38
7736 27
7737 30
7738 34
7739 36
7740 41
7741 51
7742 29
7743 36
7744 26
7745 32
7746 31
7747 32
7748 30
7749 28
7750 35
7751 29
7752 39
7753 31
7754 23
7755 28
7756 39
7757 34
7758 32
7759 24
7760 40
7761 41
7762 29
7763 34
7764 35
7765 37
7766 33
7767 26
7768 37
7769 34
7770 24
7771 29
7772 50
7773 24
7774 36
7775 29
7776 45
7777 43
7778 31
7779 37
7780 35
7781 42
7782 41
7783 33
7784 41
7785 34
7786 47
7787 36
7788 38
7789 24
7790 31
7791 33
7792 34
7793 41
7794 22
7795 40
7796 49
7797 31
7798 42
7799 29
7800 29
7801 29
7802 45
7803 32
7804 37
7805 29
7806 42
7807 36
7808 26
7809 36
7810 28
7811 40
7812 41
7813 36
7814 36
7815 34
7816 40
7817 28
7818 40
7819 27
7820 28
7821 40
7822 32
7823 42
7824 31
7825 37
7826 40
7827 30
7828 38
7829 29
7830 38
7831 35
7832 32
7833 26
7834 29
7835 37
7836 29
7837 26
7838 32
7839 32
7840 37
7841 29
7842 30
7843 34
7844 33
7845 33
7846 49
7847 32
7848 31
7849 35
7850 37
7851 29
7852 44
7853 25
7854 39
7855 38
7856 25
7857 31
7858 41
7859 25
7860 26
7861 34
7862 28
7863 27
7864 34
7865 27
7866 35
7867 30
7868 35
7869 31
7870 37
7871 20
7872 32
7873 25
7874 27
7875 43
7876 27
7877 36
7878 42
7879 26
7880 30
7881 26
7882 43
7883 31
7884 37
7885 33
7886 35
7887 37
7888 35
7889 40
7890 31
7891 34
7892 32
7893 36
7894 34
7895 31
7896 37
7897 42
7898 34
7899 33
7900 37
7901 47
7902 28
7903 29
7904 29
7905 36
7906 39
7907 34
7908 34
7909 35
7910 28
7911 44
7912 40
7913 28
7914 25
7915 35
7916 28
7917 31
7918 31
7919 34
7920 39
7921 42
7922 41
7923 37
7924 40
7925 31
7926 26
7927 35
7928 30
7929 32
7930 18
7931 36
7932 41
7933 32
7934 39
7935 34
7936 30
7937 30
7938 34
7939 36
7940 33
7941 40
7942 37
7943 25
7944 27
7945 37
7946 24
7947 17
7948 36
7949 38
7950 28
7951 38
7952 27
7953 35
7954 32
7955 25
7956 32
7957 31
7958 32
7959 40
7960 34
7961 33
7962 26
7963 43
7964 39
7965 37
7966 37
7967 36
7968 29
7969 39
7970 32
7971 34
7972 31
7973 36
7974 34
7975 34
7976 24
7977 32
7978 28
7979 30
7980 36
7981 36
7982 43
7983 31
7984 37
7985 40
7986 34
7987 29
7988 37
7989 31
7990 35
7991 23
7992 32
7993 34
7994 38
7995 25
7996 24
7997 32
7998 31
7999 31
8000 37
8001 34
8002 29
8003 31
8004 35
8005 32
8006 31
8007 39
8008 32
8009 33
8010 37
8011 31
8012 26
8013 33
8014 36
8015 32
8016 39
8017 31
8018 29
8019 44
8020 37
8021 42
8022 25
8023 29
8024 26
8025 34
8026 25
8027 30
8028 31
8029 34
8030 24
8031 37
8032 37
8033 35
8034 27
8035 31
8036 33
8037 34
8038 33
8039 28
8040 31
8041 33
8042 30
8043 32
8044 30
8045 36
8046 41
8047 40
8048 34
8049 30
8050 29
8051 33
8052 26
8053 34
8054 32
8055 33
8056 27
8057 27
8058 17
8059 29
8060 30
8061 31
8062 43
8063 27
8064 31
8065 27
8066 28
8067 32
8068 24
8069 20
8070 24
8071 25
8072 24
8073 26
8074 39
8075 30
8076 25
8077 43
8078 39
8079 33
8080 32
8081 32
8082 33
8083 24
8084 36
8085 37
8086 35
8087 38
8088 24
8089 32
8090 41
8091 24
8092 36
8093 45
8094 30
8095 35
8096 29
8097 44
8098 21
8099 35
8100 28
8101 27
8102 21
8103 24
8104 41
8105 36
8106 33
8107 32
8108 30
8109 32
8110 23
8111 32
8112 24
8113 35
8114 33
8115 36
8116 29
8117 37
8118 33
8119 31
8120 36
8121 35
8122 33
8123 31
8124 35
8125 21
8126 41
8127 28
8128 36
8129 35
8130 29
8131 27
8132 39
8133 30
8134 26
8135 26
8136 27
8137 29
8138 24
8139 38
8140 26
8141 43
8142 42
8143 22
8144 39
8145 24
8146 24
8147 31
8148 37
8149 33
8150 29
8151 27
8152 36
8153 31
8154 30
8155 31
8156 24
8157 29
8158 25
8159 39
8160 21
8161 29
8162 22
8163 30
8164 37
8165 30
8166 24
8167 26
8168 30
8169 28
8170 32
8171 33
8172 39
8173 35
8174 39
8175 35
8176 41
8177 24
8178 41
8179 36
8180 38
8181 25
8182 23
8183 32
8184 32
8185 27
8186 33
8187 27
8188 31
8189 27
8190 30
8191 32
8192 36
8193 41
8194 35
8195 23
8196 33
8197 27
8198 26
8199 32
8200 41
8201 33
8202 32
8203 23
8204 27
8205 27
8206 34
8207 38
8208 19
8209 40
8210 31
8211 29
8212 27
8213 28
8214 32
8215 36
8216 25
8217 27
8218 36
8219 37
8220 22
8221 29
8222 30
8223 21
8224 19
8225 25
8226 26
8227 27
8228 28
8229 23
8230 20
8231 30
8232 38
8233 35
8234 38
8235 28
8236 27
8237 27
8238 29
8239 30
8240 35
8241 31
8242 25
8243 29
8244 27
8245 40
8246 30
8247 37
8248 32
8249 32
8250 31
8251 24
8252 27
8253 35
8254 34
8255 29
8256 28
8257 32
8258 27
8259 26
8260 20
8261 27
8262 29
8263 32
8264 31
8265 19
8266 26
8267 29
8268 29
8269 30
8270 31
8271 23
8272 32
8273 27
8274 35
8275 18
8276 24
8277 26
8278 29
8279 24
8280 31
8281 34
8282 31
8283 24
8284 31
8285 30
8286 27
8287 25
8288 37
8289 36
8290 27
8291 33
8292 28
8293 24
8294 24
8295 26
8296 30
8297 41
8298 24
8299 22
8300 30
8301 36
8302 39
8303 23
8304 31
8305 24
8306 26
8307 27
8308 34
8309 36
8310 25
8311 33
8312 25
8313 31
8314 28
8315 26
8316 23
8317 26
8318 30
8319 29
8320 26
8321 30
8322 32
8323 29
8324 17
8325 21
8326 27
8327 38
8328 28
8329 26
8330 36
8331 36
8332 29
8333 25
8334 23
8335 27
8336 38
8337 28
8338 28
8339 30
8340 23
8341 32
8342 29
8343 30
8344 20
8345 32
8346 37
8347 29
8348 29
8349 29
8350 32
8351 27
8352 22
8353 23
8354 30
8355 33
8356 30
8357 33
8358 16
8359 23
8360 25
8361 36
8362 27
8363 36
8364 30
8365 28
8366 33
8367 32
8368 24
8369 24
8370 40
8371 28
8372 32
8373 29
8374 35
8375 34
8376 25
8377 30
8378 27
8379 35
8380 27
8381 22
8382 21
8383 24
8384 36
8385 31
8386 31
8387 26
8388 25
8389 29
8390 30
8391 31
8392 22
8393 25
8394 25
8395 34
8396 29
8397 34
8398 33
8399 34
8400 35
8401 24
8402 23
8403 26
8404 29
8405 29
8406 30
8407 26
8408 41
8409 34
8410 29
8411 28
8412 28
8413 31
8414 33
8415 34
8416 34
8417 22
8418 27
8419 34
8420 18
8421 31
8422 35
8423 34
8424 29
8425 26
8426 31
8427 34
8428 22
8429 17
8430 34
8431 29
8432 35
8433 36
8434 27
8435 31
8436 27
8437 27
8438 33
8439 29
8440 31
8441 27
8442 30
8443 22
8444 27
8445 37
8446 24
8447 31
8448 30
8449 37
8450 37
8451 20
8452 25
8453 31
8454 23
8455 21
8456 30
8457 34
8458 30
8459 34
8460 32
8461 32
8462 24
8463 24
8464 34
8465 22
8466 26
8467 29
8468 22
8469 29
8470 32
8471 19
8472 30
8473 28
8474 32
8475 18
8476 31
8477 31
8478 34
8479 32
8480 34
8481 23
8482 28
8483 38
8484 31
8485 22
8486 30
8487 33
8488 26
8489 25
8490 26
8491 34
8492 32
8493 28
8494 27
8495 29
8496 21
8497 29
8498 30
8499 30
8500 30
8501 25
8502 31
8503 43
8504 24
8505 25
8506 33
8507 33
8508 24
8509 34
8510 26
8511 15
8512 29
8513 22
8514 32
8515 34
8516 31
8517 34
8518 33
8519 27
8520 31
8521 24
8522 20
8523 32
8524 34
8525 32
8526 27
8527 29
8528 22
8529 31
8530 23
8531 31
8532 29
8533 25
8534 23
8535 29
8536 24
8537 37
8538 33
8539 30
8540 31
8541 27
8542 19
8543 35
8544 35
8545 26
8546 25
8547 26
8548 29
8549 25
8550 28
8551 30
8552 34
8553 28
8554 21
8555 36
8556 21
8557 27
8558 17
8559 29
8560 24
8561 33
8562 22
8563 23
8564 17
8565 29
8566 40
8567 32
8568 17
8569 24
8570 24
8571 29
8572 23
8573 31
8574 24
8575 24
8576 22
8577 25
8578 18
8579 25
8580 35
8581 42
8582 23
8583 23
8584 25
8585 26
8586 34
8587 35
8588 24
8589 26
8590 23
8591 25
8592 29
8593 37
8594 25
8595 22
8596 30
8597 30
8598 23
8599 35
8600 28
8601 22
8602 26
8603 29
8604 21
8605 29
8606 26
8607 28
8608 32
8609 33
8610 30
8611 39
8612 35
8613 32
8614 29
8615 37
8616 27
8617 31
8618 29
8619 20
8620 24
8621 24
8622 26
8623 26
8624 34
8625 31
8626 32
8627 22
8628 33
8629 29
8630 34
8631 27
8632 24
8633 22
8634 25
8635 37
8636 31
8637 32
8638 34
8639 32
8640 37
8641 23
8642 38
8643 23
8644 32
8645 30
8646 27
8647 33
8648 26
8649 16
8650 34
8651 22
8652 31
8653 15
8654 20
8655 19
8656 27
8657 31
8658 20
8659 33
8660 28
8661 34
8662 23
8663 30
8664 28
8665 27
8666 42
8667 32
8668 23
8669 25
8670 20
8671 26
8672 41
8673 29
8674 30
8675 30
8676 27
8677 28
8678 32
8679 37
8680 36
8681 30
8682 36
8683 38
8684 36
8685 30
8686 18
8687 24
8688 30
8689 32
8690 27
8691 26
8692 34
8693 24
8694 16
8695 21
8696 24
8697 23
8698 23
8699 34
8700 23
8701 24
8702 24
8703 23
8704 35
8705 33
8706 33
8707 19
8708 31
8709 30
8710 25
8711 28
8712 18
8713 38
8714 28
8715 41
8716 31
8717 36
8718 28
8719 30
8720 36
8721 33
8722 23
8723 21
8724 29
8725 30
8726 26
8727 27
8728 31
8729 19
8730 27
8731 33
8732 26
8733 28
8734 27
8735 31
8736 29
8737 31
8738 32
8739 25
8740 29
8741 23
8742 27
8743 22
8744 32
8745 30
8746 29
8747 33
8748 33
8749 33
8750 25
8751 31
8752 31
8753 36
8754 33
8755 34
8756 26
8757 33
8758 32
8759 31
8760 31
8761 29
8762 30
8763 34
8764 21
8765 17
8766 31
8767 26
8768 22
8769 28
8770 22
8771 32
8772 28
8773 21
8774 26
8775 16
8776 26
8777 32
8778 28
8779 19
8780 21
8781 27
8782 25
8783 25
8784 31
8785 26
8786 30
8787 22
8788 21
8789 27
8790 39
8791 25
8792 28
8793 24
8794 28
8795 23
8796 31
8797 34
8798 30
8799 33
8800 30
8801 23
8802 24
8803 37
8804 30
8805 31
8806 32
8807 25
8808 18
8809 27
8810 30
8811 26
8812 27
8813 30
8814 39
8815 27
8816 38
8817 24
8818 27
8819 37
8820 23
8821 21
8822 26
8823 25
8824 19
8825 22
8826 29
8827 24
8828 26
8829 35
8830 36
8831 27
8832 32
8833 17
8834 19
8835 29
8836 29
8837 29
8838 32
8839 25
8840 30
8841 29
8842 27
8843 32
8844 26
8845 24
8846 31
8847 31
8848 23
8849 17
8850 29
8851 37
8852 31
8853 20
8854 31
8855 28
8856 21
8857 29
8858 29
8859 23
8860 21
8861 33
8862 21
8863 33
8864 21
8865 18
8866 20
8867 31
8868 28
8869 31
8870 25
8871 32
8872 36
8873 28
8874 30
8875 26
8876 18
8877 16
8878 27
8879 30
8880 19
8881 26
8882 28
8883 27
8884 28
8885 28
8886 37
8887 27
8888 23
8889 21
8890 17
8891 27
8892 28
8893 31
8894 30
8895 28
8896 27
8897 28
8898 38
8899 22
8900 29
8901 30
8902 18
8903 20
8904 33
8905 31
8906 24
8907 24
8908 39
8909 20
8910 16
8911 22
8912 28
8913 29
8914 28
8915 29
8916 28
8917 26
8918 26
8919 27
8920 33
8921 28
8922 27
8923 23
8924 27
8925 20
8926 23
8927 19
8928 17
8929 31
8930 25
8931 37
8932 17
8933 27
8934 28
8935 24
8936 24
8937 23
8938 20
8939 18
8940 13
8941 24
8942 30
8943 25
8944 32
8945 29
8946 27
8947 32
8948 23
8949 22
8950 31
8951 20
8952 22
8953 27
8954 28
8955 24
8956 25
8957 19
8958 23
8959 17
8960 33
8961 21
8962 26
8963 27
8964 27
8965 13
8966 28
8967 24
8968 40
8969 33
8970 21
8971 25
8972 27
8973 19
8974 19
8975 33
8976 23
8977 23
8978 21
8979 26
8980 24
8981 22
8982 37
8983 27
8984 28
8985 17
8986 24
8987 28
8988 24
8989 26
8990 26
8991 25
8992 25
8993 14
8994 31
8995 14
8996 24
8997 27
8998 20
8999 29
9000 25
9001 30
9002 25
9003 26
9004 28
9005 25
9006 30
9007 25
9008 29
9009 26
9010 24
9011 31
9012 31
9013 28
9014 28
9015 31
9016 18
9017 26
9018 29
9019 19
9020 29
9021 21
9022 21
9023 32
9024 38
9025 25
9026 35
9027 18
9028 18
9029 30
9030 30
9031 29
9032 21
9033 34
9034 19
9035 32
9036 27
9037 34
9038 23
9039 23
9040 20
9041 30
9042 23
9043 27
9044 22
9045 32
9046 24
9047 21
9048 27
9049 25
9050 19
9051 28
9052 19
9053 28
9054 33
9055 17
9056 22
9057 29
9058 21
9059 32
9060 30
9061 16
9062 33
9063 24
9064 33
9065 27
9066 22
9067 29
9068 27
9069 23
9070 21
9071 25
9072 22
9073 28
9074 29
9075 28
9076 30
9077 24
9078 30
9079 18
9080 26
9081 29
9082 21
9083 32
9084 29
9085 20
9086 22
9087 21
9088 28
9089 28
9090 24
9091 26
9092 20
9093 27
9094 28
9095 21
9096 29
9097 19
9098 26
9099 26
9100 31
9101 30
9102 25
9103 31
9104 31
9105 20
9106 26
9107 25
9108 22
9109 19
9110 29
9111 23
9112 24
9113 28
9114 29
9115 27
9116 25
9117 22
9118 30
9119 20
9120 29
9121 28
9122 26
9123 32
9124 37
9125 32
9126 30
9127 32
9128 24
9129 27
9130 17
9131 17
9132 33
9133 24
9134 28
9135 23
9136 21
9137 25
9138 19
9139 32
9140 19
9141 23
9142 15
9143 25
9144 32
9145 24
9146 27
9147 29
9148 24
9149 29
9150 31
9151 25
9152 28
9153 15
9154 28
9155 22
9156 23
9157 25
9158 23
9159 26
9160 24
9161 31
9162 22
9163 35
9164 27
9165 37
9166 26
9167 21
9168 23
9169 21
9170 25
9171 28
9172 28
9173 23
9174 28
9175 22
9176 27
9177 22
9178 24
9179 31
9180 25
9181 30
9182 26
9183 33
9184 24
9185 25
9186 23
9187 25
9188 19
9189 28
9190 34
9191 32
9192 18
9193 33
9194 25
9195 25
9196 27
9197 23
9198 26
9199 18
9200 18
9201 22
9202 21
9203 23
9204 22
9205 23
9206 23
9207 24
9208 29
9209 22
9210 21
9211 30
9212 23
9213 16
9214 25
9215 21
9216 32
9217 21
9218 21
9219 27
9220 30
9221 27
9222 16
9223 27
9224 26
9225 30
9226 29
9227 30
9228 22
9229 29
9230 18
9231 24
9232 24
9233 20
9234 21
9235 19
9236 26
9237 22
9238 22
9239 34
9240 27
9241 24
9242 20
9243 24
9244 31
9245 26
9246 20
9247 31
9248 18
9249 22
9250 32
9251 21
9252 20
9253 27
9254 27
9255 28
9256 16
9257 32
9258 42
9259 19
9260 19
9261 32
9262 27
9263 32
9264 30
9265 18
9266 22
9267 24
9268 26
9269 15
9270 17
9271 31
9272 24
9273 24
9274 22
9275 14
9276 21
9277 15
9278 28
9279 23
9280 19
9281 27
9282 23
9283 21
9284 20
9285 19
9286 24
9287 26
9288 17
9289 24
9290 34
9291 31
9292 27
9293 21
9294 28
9295 23
9296 25
9297 24
9298 24
9299 32
9300 28
9301 29
9302 30
9303 24
9304 25
9305 23
9306 14
9307 31
9308 28
9309 17
9310 23
9311 30
9312 28
9313 27
9314 20
9315 21
9316 18
9317 14
9318 24
9319 27
9320 28
9321 27
9322 22
9323 20
9324 26
9325 32
9326 28
9327 27
9328 21
9329 24
9330 18
9331 23
9332 24
9333 29
9334 27
9335 20
9336 29
9337 27
9338 27
9339 22
9340 20
9341 19
9342 22
9343 26
9344 14
9345 24
9346 20
9347 30
9348 24
9349 28
9350 22
9351 18
9352 15
9353 30
9354 25
9355 26
9356 21
9357 19
9358 23
9359 18
9360 19
9361 21
9362 26
9363 22
9364 36
9365 27
9366 24
9367 22
9368 31
9369 19
9370 24
9371 20
9372 28
9373 23
9374 25
9375 24
9376 23
9377 22
9378 22
9379 20
9380 18
9381 26
9382 15
9383 25
9384 30
9385 20
9386 26
9387 22
9388 20
9389 22
9390 16
9391 15
9392 34
9393 12
9394 23
9395 21
9396 19
9397 22
9398 17
9399 28
9400 20
9401 21
9402 24
9403 28
9404 22
9405 24
9406 16
9407 29
9408 19
9409 19
9410 15
9411 26
9412 25
9413 26
9414 26
9415 23
9416 25
9417 27
9418 26
9419 13
9420 20
9421 35
9422 19
9423 21
9424 22
9425 18
9426 22
9427 19
9428 23
9429 24
9430 22
9431 27
9432 22
9433 19
9434 31
9435 22
9436 12
9437 23
9438 19
9439 25
9440 20
9441 18
9442 21
9443 25
9444 35
9445 20
9446 20
9447 21
9448 23
9449 21
9450 32
9451 23
9452 16
9453 21
9454 30
9455 25
9456 18
9457 23
9458 19
9459 30
9460 17
9461 18
9462 23
9463 20
9464 20
9465 23
9466 30
9467 19
9468 18
9469 23
9470 26
9471 21
9472 13
9473 23
9474 18
9475 14
9476 25
9477 25
9478 18
9479 14
9480 22
9481 20
9482 26
9483 21
9484 24
9485 22
9486 25
9487 27
9488 21
9489 13
9490 27
9491 13
9492 25
9493 15
9494 23
9495 22
9496 24
9497 23
9498 22
9499 18
9500 24
9501 24
9502 22
9503 27
9504 23
9505 18
9506 34
9507 17
9508 19
9509 25
9510 24
9511 27
9512 19
9513 20
9514 21
9515 18
9516 26
9517 11
9518 21
9519 29
9520 21
9521 24
9522 30
9523 24
9524 21
9525 30
9526 22
9527 28
9528 26
9529 22
9530 26
9531 19
9532 26
9533 11
9534 26
9535 24
9536 18
9537 14
9538 25
9539 28
9540 28
9541 20
9542 31
9543 14
9544 24
9545 21
9546 23
9547 23
9548 22
9549 15
9550 24
9551 22
9552 27
9553 23
9554 19
9555 22
9556 24
9557 16
9558 23
9559 18
9560 18
9561 29
9562 22
9563 25
9564 16
9565 29
9566 30
9567 21
9568 31
9569 32
9570 16
9571 19
9572 15
9573 29
9574 31
9575 12
9576 26
9577 30
9578 20
9579 18
9580 26
9581 33
9582 30
9583 23
9584 21
9585 28
9586 19
9587 21
9588 20
9589 23
9590 33
9591 21
9592 24
9593 26
9594 23
9595 17
9596 27
9597 24
9598 27
9599 19
9600 24
9601 19
9602 18
9603 28
9604 26
9605 27
9606 20
9607 18
9608 16
9609 17
9610 21
9611 28
9612 31
9613 17
9614 27
9615 30
9616 15
9617 26
9618 26
9619 24
9620 29
9621 14
9622 23
9623 22
9624 25
9625 27
9626 21
9627 21
9628 23
9629 20
9630 26
9631 24
9632 17
9633 30
9634 20
9635 30
9636 19
9637 19
9638 23
9639 16
9640 27
9641 21
9642 20
9643 28
9644 30
9645 16
9646 25
9647 33
9648 21
9649 20
9650 15
9651 18
9652 14
9653 25
9654 26
9655 27
9656 21
9657 18
9658 14
9659 18
9660 19
9661 22
9662 25
9663 17
9664 21
9665 22
9666 21
9667 23
9668 16
9669 16
9670 26
9671 14
9672 23
9673 40
9674 20
9675 26
9676 30
9677 30
9678 24
9679 21
9680 26
9681 28
9682 18
9683 13
9684 23
9685 22
9686 28
9687 17
9688 17
9689 24
9690 23
9691 16
9692 21
9693 20
9694 18
9695 16
9696 20
9697 21
9698 32
9699 23
9700 12
9701 17
9702 17
9703 17
9704 15
9705 18
9706 20
9707 25
9708 26
9709 18
9710 30
9711 17
9712 20
9713 28
9714 21
9715 27
9716 22
9717 20
9718 18
9719 23
9720 28
9721 21
9722 25
9723 19
9724 20
9725 18
9726 23
9727 23
9728 26
9729 22
9730 23
9731 18
9732 17
9733 28
9734 23
9735 18
9736 19
9737 20
9738 29
9739 21
9740 26
9741 33
9742 17
9743 21
9744 23
9745 32
9746 32
9747 20
9748 30
9749 28
9750 23
9751 20
9752 21
9753 16
9754 22
9755 16
9756 20
9757 23
9758 19
9759 24
9760 13
9761 18
9762 16
9763 16
9764 17
9765 25
9766 15
9767 20
9768 15
9769 21
9770 23
9771 21
9772 24
9773 23
9774 27
9775 28
9776 17
9777 26
9778 17
9779 22
9780 18
9781 28
9782 15
9783 21
9784 15
9785 21
9786 21
9787 21
9788 24
9789 22
9790 24
9791 16
9792 22
9793 14
9794 21
9795 27
9796 26
9797 26
9798 25
9799 27
9800 18
9801 16
9802 15
9803 19
9804 19
9805 26
9806 20
9807 17
9808 24
9809 19
9810 16
9811 25
9812 31
9813 25
9814 24
9815 21
9816 22
9817 18
9818 21
9819 12
9820 18
9821 30
9822 22
9823 29
9824 20
9825 23
9826 32
9827 29
9828 19
9829 23
9830 24
9831 18
9832 24
9833 18
9834 24
9835 19
9836 16
9837 23
9838 24
9839 25
9840 19
9841 20
9842 17
9843 15
9844 23
9845 16
9846 24
9847 18
9848 35
9849 27
9850 23
9851 22
9852 24
9853 11
9854 18
9855 21
9856 23
9857 16
9858 25
9859 19
9860 18
9861 22
9862 28
9863 20
9864 20
9865 25
9866 17
9867 20
9868 24
9869 25
9870 22
9871 23
9872 19
9873 22
9874 23
9875 21
9876 26
9877 17
9878 26
9879 15
9880 25
9881 22
9882 21
9883 20
9884 14
9885 16
9886 27
9887 33
9888 23
9889 21
9890 22
9891 30
9892 18
9893 26
9894 22
9895 16
9896 14
9897 19
9898 25
9899 24
9900 20
9901 28
9902 21
9903 25
9904 26
9905 21
9906 19
9907 19
9908 23
9909 21
9910 17
9911 26
9912 28
9913 16
9914 23
9915 22
9916 25
9917 26
9918 13
9919 9
9920 23
9921 25
9922 20
9923 18
9924 23
9925 18
9926 22
9927 26
9928 21
9929 31
9930 25
9931 15
9932 24
9933 13
9934 19
9935 15
9936 17
9937 24
9938 24
9939 22
9940 30
9941 18
9942 19
9943 22
9944 18
9945 21
9946 20
9947 19
9948 28
9949 24
9950 19
9951 16
9952 20
9953 18
9954 16
9955 23
9956 25
9957 24
9958 23
9959 12
9960 25
9961 15
9962 24
9963 25
9964 21
9965 25
9966 28
9967 22
9968 14
9969 22
9970 22
9971 24
9972 20
9973 24
9974 18
9975 18
9976 20
9977 9
9978 15
9979 18
9980 21
9981 12
9982 25
9983 21
9984 17
9985 15
9986 21
9987 28
9988 19
9989 25
9990 29
9991 19
9992 24
9993 22
9994 16
9995 21
9996 13
9997 21
9998 20
9999 23
10000 23
10001 172133
